0 0 0
1 0 0
2 127 239
3 4 999999
4 50 999999
5 6 999999
6 9 0
7 6 0
8 7 0
9 1 0
10 8 18
11 14 276
12 32 234
13 12 244
14 13 257
15 36 268
16 19 47
17 12 243
18 12 249
19 10 40
20 16 84
21 53 297
22 21 302
23 30 331
24 26 329
25 77 280
26 85 316
27 82 284
28 82 290
29 38 382
30 26 331
31 13 257
32 35 218
33 132 301
34 118 352
35 61 190
36 69 247
37 38 358
38 75 340
39 34 362
40 37 370
41 48 155
42 47 146
43 109 218
44 109 211
45 47 142
46 125 999999
47 124 141
48 47 147
49 46 999999
50 49 999999
51 59 273
52 59 270
53 72 257
54 53 268
55 24 371
56 53 281
57 61 223
58 57 242
59 61 256
60 57 245
61 72 123
62 61 162
63 62 172
64 63 184
65 63 199
66 99 227
67 99 238
68 88 192
69 70 194
70 61 186
71 53 486
72 16 81
73 72 94
74 73 124
75 56 309
76 98 268
77 98 250
78 77 271
79 78 285
80 70 264
81 64 201
82 81 258
83 82 265
84 87 177
85 79 302
86 79 301
87 108 170
88 96 172
89 96 169
90 91 247
91 92 240
92 95 227
93 92 236
94 121 168
95 89 180
96 72 162
97 74 142
98 99 234
99 68 215
100 101 257
101 99 230
102 105 267
103 100 285
104 107 265
105 99 258
106 92 243
107 106 255
108 48 158
109 142 207
110 117 376
111 114 373
112 111 384
113 111 380
114 130 342
115 114 350
116 114 356
117 116 368
118 33 335
119 38 403
120 20 98
121 120 152
122 129 210
123 120 114
124 123 121
125 47 999999
126 121 176
127 95 215
128 126 192
129 47 186
130 33 330
131 33 330
132 133 293
133 53 284
134 53 281
135 136 344
136 137 294
137 52 285
138 139 219
139 141 206
140 44 228
141 143 199
142 143 191
143 41 179
144 130 347
145 130 339
