0 1 0
0 1 0
1 9 15
1 9 10
1 9 0
2 92 64
2 128 51
2 92 38
2 92 83
2 127 53
2 128 113
2 92 94
2 127 24
2 128 52
3 4 21
3 4 58
3 4 19
4 50 28
4 50 70
4 50 23
4 50 29
6 9 68
6 9 89
6 7 29
6 7 13
6 9 41
6 7 13
6 7 20
6 9 0
6 7 0
7 8 12
7 8 23
7 8 0
8 10 18
8 10 54
8 10 48
10 19 36
10 19 22
10 19 47
10 20 135
10 19 53
10 20 135
11 14 31
11 14 19
11 14 41
11 14 46
12 32 35
12 18 15
12 13 30
12 13 10
12 18 48
12 17 20
12 32 16
12 13 12
12 17 9
12 18 43
12 32 51
13 14 14
13 31 22
13 31 13
13 31 29
13 14 40
13 14 13
13 31 32
15 31 60
15 36 32
15 31 150
15 31 49
15 36 21
15 31 61
15 36 45
16 19 13
16 20 46
16 72 57
16 19 7
16 20 114
16 72 34
16 19 22
16 20 37
16 72 74
16 19 19
16 20 47
16 72 84
17 18 8
17 18 25
17 18 23
20 120 16
20 120 44
20 120 14
21 27 22
21 53 84
21 27 54
21 22 12
21 27 25
21 53 40
21 22 5
21 22 11
21 27 20
21 53 123
22 26 51
22 26 126
22 26 41
22 26 52
23 30 0
23 30 0
23 38 98
23 24 21
23 24 66
23 38 47
23 24 59
23 38 144
24 55 88
24 26 42
24 26 13
24 55 42
24 26 17
24 55 129
25 26 79
25 28 30
25 77 33
25 26 48
25 28 16
25 26 104
25 28 48
25 77 92
25 26 116
25 28 43
25 77 30
26 85 16
26 85 45
26 30 15
26 30 34
26 85 14
27 82 29
27 82 72
27 82 33
27 82 26
28 82 32
28 82 72
28 82 33
29 38 42
29 38 92
32 35 28
32 35 61
33 118 57
33 130 61
33 131 55
33 131 29
33 118 34
33 118 75
33 131 88
33 130 29
33 132 17
33 118 84
33 130 90
33 131 78
33 132 8
34 118 36
34 118 17
34 39 23
34 39 10
34 118 53
35 61 103
35 61 67
35 61 146
36 69 88
36 69 53
36 69 115
36 69 130
37 38 20
37 40 25
37 38 56
37 40 12
37 38 18
37 40 37
38 75 64
38 119 132
38 75 31
38 119 63
38 75 94
38 119 193
39 40 50
39 40 16
39 40 20
41 42 20
41 143 26
41 42 10
41 143 73
41 48 18
41 42 30
41 48 8
41 143 24
42 47 5
42 47 12
43 109 12
43 109 33
43 109 11
44 109 5
44 140 19
44 109 12
44 109 5
44 140 54
44 109 4
44 140 17
45 47 1
45 47 4
45 47 2
46 125 13
46 49 16
46 125 8
46 49 49
46 125 18
46 49 44
46 125 20
47 48 7
47 124 42
47 129 74
47 130 672
47 129 45
47 129 97
47 130 324
47 48 20
47 124 20
47 48 6
47 124 62
47 129 109
47 130 987
48 108 13
48 108 36
48 108 11
49 50 12
49 50 38
49 50 33
51 59 52
51 59 17
51 59 21
52 59 16
52 137 31
52 137 15
52 59 44
52 59 14
52 137 46
53 56 37
53 72 194
53 133 57
53 134 50
53 72 477
53 72 220
53 133 27
53 134 24
53 71 558
53 54 24
53 56 24
53 54 11
53 56 52
53 71 229
53 72 176
53 133 83
53 134 73
54 59 62
54 59 28
55 71 248
55 119 122
55 119 59
55 71 545
55 71 252
55 119 179
56 75 47
56 75 28
56 75 62
56 75 70
57 58 21
57 59 68
57 60 37
57 61 110
57 80 79
57 58 52
57 59 41
57 60 22
57 61 271
57 58 24
57 59 89
57 60 48
57 61 125
57 80 175
57 58 19
57 59 100
57 60 55
57 61 100
57 80 81
58 82 46
58 82 114
58 82 37
58 82 47
59 60 17
59 61 147
59 60 43
59 61 360
59 60 20
59 61 166
59 60 16
59 61 133
61 62 60
61 70 122
61 72 46
61 70 63
61 70 193
61 62 39
61 72 128
61 62 85
61 70 172
61 72 42
62 63 10
62 63 23
63 65 41
63 65 27
63 64 12
63 64 27
63 65 58
64 81 36
64 81 17
64 81 52
65 66 49
65 66 32
65 66 69
66 99 38
66 99 12
66 99 15
67 99 28
67 99 70
67 99 23
67 99 29
68 88 25
68 99 38
68 99 23
68 88 63
68 88 20
68 99 49
68 88 26
68 99 55
69 70 9
69 70 25
69 70 8
70 80 129
70 80 78
70 80 168
70 80 189
71 119 491
71 119 297
71 119 642
71 119 721
72 73 15
72 96 124
72 73 41
72 96 81
72 73 13
72 96 175
73 74 30
73 74 30
74 121 38
74 121 95
74 121 31
74 97 18
74 97 40
74 121 39
76 83 59
76 98 42
76 98 104
76 98 34
76 83 28
76 83 86
76 98 43
77 98 18
77 100 23
77 98 44
77 98 20
77 100 64
77 78 21
77 78 46
77 98 16
77 100 21
78 79 29
78 103 55
78 103 18
78 79 14
78 79 43
78 103 22
79 85 35
79 86 35
79 85 17
79 86 16
79 85 51
79 86 51
81 82 94
81 82 57
81 82 123
81 82 138
82 83 22
82 83 7
82 83 9
84 142 42
84 87 7
84 87 16
84 142 14
84 87 18
84 142 17
85 86 16
85 86 7
87 108 25
87 108 12
87 108 36
88 89 13
88 89 33
88 89 15
88 96 23
88 89 12
88 96 10
89 94 31
89 96 16
89 95 33
89 95 11
89 94 69
89 96 7
89 94 32
89 95 13
89 96 24
90 91 8
90 93 24
90 91 20
90 91 9
90 93 11
90 91 7
90 93 35
91 92 22
91 92 13
91 92 29
91 92 33
92 93 19
92 95 47
92 106 16
92 106 50
92 93 9
92 95 104
92 93 28
92 95 48
92 106 45
94 121 18
94 121 49
94 121 16
95 127 38
95 127 106
95 127 35
96 97 41
96 121 28
96 121 69
96 121 32
96 97 92
96 97 42
96 121 25
98 99 21
98 99 52
98 99 24
98 99 19
99 105 53
99 105 132
99 105 43
99 101 15
99 101 34
99 105 54
100 103 46
100 103 28
100 103 60
100 101 59
100 101 27
100 103 68
102 103 56
102 105 10
102 103 34
102 103 74
102 105 27
102 103 83
102 105 9
104 105 19
104 107 11
104 105 11
104 107 29
104 105 25
104 107 13
104 105 28
104 107 10
106 107 21
106 107 12
106 107 27
106 107 31
109 142 36
109 142 16
110 111 21
110 117 17
110 117 8
110 111 58
110 111 19
110 117 26
111 112 23
111 113 16
111 114 31
111 114 96
111 113 7
111 112 11
111 112 34
111 113 23
111 114 86
114 116 23
114 130 13
114 145 23
114 145 58
114 130 33
114 115 8
114 116 14
114 115 24
114 116 30
114 130 15
114 145 26
114 115 22
114 116 34
114 130 12
114 145 21
115 116 14
115 116 31
116 117 15
116 117 39
116 117 12
116 117 16
120 121 90
120 123 18
120 121 54
120 121 118
120 123 49
120 121 133
120 123 16
121 126 26
121 126 73
121 126 24
122 129 53
122 129 24
123 124 8
123 124 22
123 124 7
126 128 18
126 128 50
126 128 16
127 128 27
127 129 35
127 129 86
127 129 40
127 128 60
127 128 28
127 129 32
128 129 14
128 129 34
128 129 15
128 129 12
130 131 30
130 145 10
130 131 73
130 145 25
130 144 17
130 131 34
130 144 51
130 145 12
130 131 27
130 144 46
130 145 9
131 135 71
131 135 23
131 135 29
132 133 20
132 133 9
134 137 34
134 137 76
134 137 35
135 136 110
135 136 50
136 137 10
136 137 24
136 137 11
136 137 9
138 139 27
138 139 13
138 140 19
138 139 40
138 140 42
139 141 7
139 141 16
141 142 17
141 143 42
141 142 8
141 143 20
141 142 24
141 143 63
142 143 26
142 143 12
142 143 38
