2 92 38 0
2 92 64 1
2 127 53 0
2 127 24 1
2 128 113 0
2 128 51 1
3 4 58 0
3 4 21 1
4 3 21 0
4 3 39 1
4 50 70 0
4 50 28 1
10 19 22 0
10 19 36 1
10 20 135 0
10 20 61 1
11 14 19 0
11 14 31 1
12 17 20 0
12 17 9 1
12 18 15 0
12 18 30 1
12 13 30 0
12 13 12 1
12 32 16 0
12 32 35 1
13 12 30 0
13 12 19 1
13 14 40 0
13 14 14 1
13 31 13 0
13 31 22 1
14 11 31 0
14 11 16 1
14 13 14 0
14 13 27 1
15 36 21 0
15 36 32 1
15 31 150 0
15 31 60 1
16 19 7 0
16 19 13 1
16 20 114 0
16 20 46 1
16 72 34 0
16 72 57 1
17 12 20 0
17 12 14 1
17 18 8 0
17 18 16 1
18 12 15 0
18 12 19 1
18 17 8 0
18 17 10 1
19 10 36 0
19 10 19 1
19 16 13 0
19 16 8 1
20 10 135 0
20 10 61 1
20 16 46 0
20 16 72 1
20 120 44 0
20 120 16 1
21 27 54 0
21 27 22 1
21 53 40 0
21 53 84 1
21 22 12 0
21 22 8 1
22 21 12 0
22 21 5 1
22 26 126 0
22 26 51 1
23 38 47 0
23 38 98 1
23 24 21 0
23 24 42 1
24 23 21 0
24 23 27 1
24 26 42 0
24 26 17 1
24 55 42 0
24 55 88 1
25 26 48 0
25 26 79 1
25 28 16 0
25 28 30 1
25 77 92 0
25 77 33 1
26 22 51 0
26 22 79 1
26 24 42 0
26 24 26 1
26 25 79 0
26 25 42 1
26 85 45 0
26 85 16 1
26 30 15 0
26 30 24 1
27 21 22 0
27 21 42 1
27 82 72 0
27 82 29 1
28 25 30 0
28 25 19 1
28 82 72 0
28 82 32 1
29 38 42 0
29 38 65 1
30 26 34 0
30 26 15 1
31 13 22 0
31 13 11 1
31 15 60 0
31 15 94 1
32 12 35 0
32 12 18 1
32 35 28 0
32 35 43 1
33 130 29 0
33 130 61 1
33 131 29 0
33 131 55 1
33 132 17 0
33 132 8 1
33 118 34 0
33 118 57 1
34 118 17 0
34 118 36 1
34 39 23 0
34 39 10 1
35 32 61 0
35 32 28 1
35 61 67 0
35 61 103 1
36 15 32 0
36 15 20 1
36 69 53 0
36 69 88 1
37 38 56 0
37 38 20 1
37 40 12 0
37 40 25 1
38 23 98 0
38 23 52 1
38 29 92 0
38 29 42 1
38 37 20 0
38 37 38 1
38 75 31 0
38 75 64 1
38 119 63 0
38 119 132 1
39 34 23 0
39 34 16 1
39 40 50 0
39 40 20 1
40 37 25 0
40 37 13 1
40 39 50 0
40 39 32 1
41 42 10 0
41 42 20 1
41 143 73 0
41 143 26 1
41 48 18 0
41 48 8 1
42 41 20 0
42 41 11 1
42 47 5 0
42 47 4 1
43 109 33 0
43 109 12 1
44 140 54 0
44 140 19 1
44 109 12 0
44 109 5 1
45 47 1 0
45 47 2 1
46 49 16 0
46 49 31 1
46 125 8 0
46 125 13 1
47 42 5 0
47 42 8 1
47 45 1 0
47 45 3 1
47 129 45 0
47 129 74 1
47 130 324 0
47 130 672 1
47 48 20 0
47 48 7 1
47 124 20 0
47 124 42 1
48 41 18 0
48 41 13 1
48 47 7 0
48 47 13 1
48 108 36 0
48 108 13 1
49 46 16 0
49 46 20 1
49 50 12 0
49 50 24 1
50 4 28 0
50 4 44 1
50 49 12 0
50 49 15 1
51 59 52 0
51 59 21 1
52 137 15 0
52 137 31 1
52 59 44 0
52 59 16 1
53 21 84 0
53 21 44 1
53 133 27 0
53 133 57 1
53 134 24 0
53 134 50 1
53 71 558 0
53 71 202 1
53 72 477 0
53 72 194 1
53 54 24 0
53 54 11 1
53 56 24 0
53 56 37 1
54 53 24 0
54 53 17 1
54 59 62 0
54 59 28 1
55 24 88 0
55 24 47 1
55 119 59 0
55 119 122 1
55 71 545 0
55 71 248 1
56 53 37 0
56 53 23 1
56 75 28 0
56 75 47 1
57 58 52 0
57 58 21 1
57 59 41 0
57 59 68 1
57 60 22 0
57 60 37 1
57 61 271 0
57 61 110 1
57 80 175 0
57 80 79 1
58 57 21 0
58 57 40 1
58 82 114 0
58 82 46 1
59 51 52 0
59 51 32 1
59 52 16 0
59 52 30 1
59 54 62 0
59 54 44 1
59 57 68 0
59 57 36 1
59 60 43 0
59 60 17 1
59 61 360 0
59 61 147 1
60 57 37 0
60 57 19 1
60 59 17 0
60 59 33 1
61 35 103 0
61 35 66 1
61 57 110 0
61 57 207 1
61 59 147 0
61 59 275 1
61 62 39 0
61 62 60 1
61 70 63 0
61 70 122 1
61 72 128 0
61 72 46 1
62 61 60 0
62 61 38 1
62 63 10 0
62 63 16 1
63 62 23 0
63 62 10 1
63 65 27 0
63 65 41 1
63 64 12 0
63 64 19 1
64 63 27 0
64 63 12 1
64 81 17 0
64 81 36 1
65 63 41 0
65 63 26 1
65 66 32 0
65 66 49 1
66 65 49 0
66 65 31 1
66 99 38 0
66 99 15 1
67 99 70 0
67 99 28 1
68 99 23 0
68 99 38 1
68 88 63 0
68 88 25 1
69 36 88 0
69 36 47 1
69 70 25 0
69 70 9 1
70 61 122 0
70 61 78 1
70 69 9 0
70 69 17 1
70 80 78 0
70 80 129 1
71 53 558 0
71 53 352 1
71 55 248 0
71 55 386 1
71 119 297 0
71 119 491 1
72 16 57 0
72 16 30 1
72 53 194 0
72 53 365 1
72 61 46 0
72 61 87 1
72 73 41 0
72 73 15 1
72 96 81 0
72 96 124 1
73 72 15 0
73 72 28 1
73 74 30 0
73 74 14 1
74 73 30 0
74 73 14 1
74 121 95 0
74 121 38 1
74 97 18 0
74 97 28 1
75 38 64 0
75 38 34 1
75 56 47 0
75 56 25 1
76 98 104 0
76 98 42 1
76 83 28 0
76 83 59 1
77 25 33 0
77 25 63 1
77 98 44 0
77 98 18 1
77 100 64 0
77 100 23 1
77 78 21 0
77 78 32 1
78 77 46 0
78 77 21 1
78 103 55 0
78 103 22 1
78 79 14 0
78 79 29 1
79 78 29 0
79 78 15 1
79 85 17 0
79 85 35 1
79 86 16 0
79 86 35 1
80 57 79 0
80 57 124 1
80 70 129 0
80 70 68 1
81 64 36 0
81 64 19 1
81 82 57 0
81 82 94 1
82 27 29 0
82 27 55 1
82 28 32 0
82 28 51 1
82 58 46 0
82 58 72 1
82 81 94 0
82 81 50 1
82 83 22 0
82 83 9 1
83 76 59 0
83 76 31 1
83 82 22 0
83 82 14 1
84 142 42 0
84 142 17 1
84 87 7 0
84 87 12 1
85 26 16 0
85 26 30 1
85 79 35 0
85 79 18 1
85 86 16 0
85 86 7 1
86 79 35 0
86 79 18 1
86 85 16 0
86 85 11 1
87 84 7 0
87 84 6 1
87 108 12 0
87 108 25 1
88 68 25 0
88 68 39 1
88 89 33 0
88 89 13 1
88 96 23 0
88 96 10 1
89 88 13 0
89 88 25 1
89 94 69 0
89 94 31 1
89 95 33 0
89 95 13 1
89 96 7 0
89 96 16 1
90 91 20 0
90 91 8 1
90 93 11 0
90 93 24 1
91 90 8 0
91 90 15 1
91 92 13 0
91 92 22 1
92 2 64 0
92 2 34 1
92 91 22 0
92 91 12 1
92 93 9 0
92 93 19 1
92 95 104 0
92 95 47 1
92 106 16 0
92 106 31 1
93 90 24 0
93 90 12 1
93 92 19 0
93 92 10 1
94 89 31 0
94 89 49 1
94 121 49 0
94 121 18 1
95 89 33 0
95 89 21 1
95 92 47 0
95 92 74 1
95 127 106 0
95 127 38 1
96 72 124 0
96 72 80 1
96 88 23 0
96 88 16 1
96 89 16 0
96 89 8 1
96 97 92 0
96 97 41 1
96 121 69 0
96 121 28 1
97 74 40 0
97 74 18 1
97 96 41 0
97 96 65 1
98 76 42 0
98 76 65 1
98 77 18 0
98 77 34 1
98 99 52 0
98 99 21 1
99 66 38 0
99 66 24 1
99 67 28 0
99 67 44 1
99 68 38 0
99 68 20 1
99 98 21 0
99 98 40 1
99 101 15 0
99 101 24 1
99 105 132 0
99 105 53 1
100 77 23 0
100 77 44 1
100 101 59 0
100 101 27 1
100 103 28 0
100 103 46 1
101 99 34 0
101 99 15 1
101 100 59 0
101 100 42 1
102 105 27 0
102 105 10 1
102 103 34 0
102 103 56 1
103 78 55 0
103 78 35 1
103 100 46 0
103 100 24 1
103 102 56 0
103 102 30 1
104 105 11 0
104 105 19 1
104 107 29 0
104 107 11 1
105 99 53 0
105 99 83 1
105 102 10 0
105 102 18 1
105 104 19 0
105 104 10 1
106 92 16 0
106 92 20 1
106 107 12 0
106 107 21 1
107 104 11 0
107 104 22 1
107 106 21 0
107 106 11 1
108 48 13 0
108 48 24 1
108 87 25 0
108 87 13 1
109 43 12 0
109 43 22 1
109 44 5 0
109 44 9 1
109 142 36 0
109 142 16 1
110 117 8 0
110 117 17 1
110 111 58 0
110 111 21 1
111 110 21 0
111 110 40 1
111 113 7 0
111 113 16 1
111 112 11 0
111 112 23 1
111 114 31 0
111 114 61 1
112 111 23 0
112 111 12 1
113 111 16 0
113 111 8 1
114 111 31 0
114 111 39 1
114 145 58 0
114 145 23 1
114 130 33 0
114 130 13 1
114 115 8 0
114 115 15 1
114 116 14 0
114 116 23 1
115 114 8 0
115 114 10 1
115 116 14 0
115 116 21 1
116 114 23 0
116 114 12 1
116 115 31 0
116 115 14 1
116 117 39 0
116 117 15 1
117 110 17 0
117 110 9 1
117 116 15 0
117 116 24 1
118 33 57 0
118 33 30 1
118 34 36 0
118 34 19 1
119 38 132 0
119 38 70 1
119 55 122 0
119 55 65 1
119 71 491 0
119 71 262 1
120 20 16 0
120 20 30 1
120 121 54 0
120 121 90 1
120 123 49 0
120 123 18 1
121 74 38 0
121 74 59 1
121 94 18 0
121 94 33 1
121 96 28 0
121 96 53 1
121 120 90 0
121 120 48 1
121 126 73 0
121 126 26 1
122 129 53 0
122 129 24 1
123 120 18 0
123 120 34 1
123 124 22 0
123 124 8 1
124 47 42 0
124 47 22 1
124 123 8 0
124 123 15 1
125 46 13 0
125 46 7 1
126 121 26 0
126 121 50 1
126 128 50 0
126 128 18 1
127 2 53 0
127 2 37 1
127 95 38 0
127 95 72 1
127 129 86 0
127 129 35 1
127 128 60 0
127 128 27 1
128 2 51 0
128 2 80 1
128 126 18 0
128 126 34 1
128 127 27 0
128 127 42 1
128 129 34 0
128 129 14 1
129 47 74 0
129 47 39 1
129 122 53 0
129 122 37 1
129 127 35 0
129 127 66 1
129 128 14 0
129 128 26 1
130 33 61 0
130 33 32 1
130 47 672 0
130 47 358 1
130 114 13 0
130 114 25 1
130 131 73 0
130 131 30 1
130 145 25 0
130 145 10 1
130 144 17 0
130 144 32 1
131 33 55 0
131 33 35 1
131 130 30 0
131 130 56 1
131 135 71 0
131 135 29 1
132 33 17 0
132 33 12 1
132 133 20 0
132 133 9 1
133 53 57 0
133 53 30 1
133 132 20 0
133 132 14 1
134 53 50 0
134 53 26 1
134 137 76 0
134 137 34 1
135 131 71 0
135 131 45 1
135 136 110 0
135 136 50 1
136 135 110 0
136 135 78 1
136 137 24 0
136 137 10 1
137 52 31 0
137 52 17 1
137 134 34 0
137 134 53 1
137 136 10 0
137 136 19 1
138 139 13 0
138 139 27 1
138 140 19 0
138 140 30 1
139 138 27 0
139 138 14 1
139 141 7 0
139 141 11 1
140 44 19 0
140 44 36 1
140 138 42 0
140 138 19 1
141 139 16 0
141 139 7 1
141 142 8 0
141 142 17 1
141 143 20 0
141 143 42 1
142 84 42 0
142 84 27 1
142 109 36 0
142 109 25 1
142 141 17 0
142 141 9 1
142 143 12 0
142 143 26 1
143 41 26 0
143 41 50 1
143 141 42 0
143 141 22 1
143 142 26 0
143 142 13 1
144 130 17 0
144 130 21 1
145 114 23 0
145 114 44 1
145 130 10 0
145 130 19 1
8 10 0 1
