0 0 0 
1 9 367 
2 92 322 
3 6 336 
4 3 354 
5 6 398 
6 7 329 
7 8 319 
8 10 309 
9 6 360 
10 19 292 
11 14 354 
12 32 319 
13 12 328 
14 13 340 
15 36 319 
16 72 270 
17 12 326 
18 12 334 
19 16 276 
20 16 305 
21 53 114 
22 21 118 
23 30 169 
24 26 170 
25 26 193 
26 22 157 
27 21 133 
28 82 183 
29 38 159 
30 26 169 
31 13 338 
32 35 303 
33 130 37 
34 118 76 
35 61 282 
36 69 303 
37 40 110 
38 37 127 
39 34 84 
40 39 99 
41 42 330 
42 47 321 
43 109 386 
44 109 380 
45 47 319 
46 125 327 
47 130 318 
48 47 324 
49 46 342 
50 49 353 
51 59 121 
52 137 116 
53 133 76 
54 53 84 
55 24 210 
56 53 94 
57 59 136 
58 57 154 
59 54 105 
60 59 120 
61 59 231 
62 63 234 
63 64 226 
64 81 217 
65 63 246 
66 99 254 
67 99 264 
68 99 259 
69 70 263 
70 80 256 
71 53 250 
72 53 244 
73 72 257 
74 73 267 
75 56 116 
76 83 192 
77 78 216 
78 79 200 
79 85 187 
80 57 197 
81 82 201 
82 27 158 
83 82 165 
84 87 351 
85 26 171 
86 85 176 
87 108 346 
88 68 278 
89 88 289 
90 91 310 
91 92 303 
92 106 293 
93 92 301 
94 121 311 
95 89 299 
96 88 286 
97 74 281 
98 76 224 
99 98 242 
100 77 236 
101 99 254 
102 103 243 
103 78 217 
104 105 259 
105 102 251 
106 107 278 
107 104 269 
108 48 335 
109 142 376 
110 117 50 
111 114 50 
112 111 60 
113 111 57 
114 145 20 
115 114 27 
116 114 30 
117 116 42 
118 113 60 
119 38 187 
120 20 319 
121 74 296 
122 129 364 
123 120 334 
124 47 337 
125 47 321 
126 121 319 
127 95 332 
128 126 334 
129 128 346 
130 145 9 
131 130 34 
132 33 43 
133 132 50 
134 53 99 
135 131 56 
136 135 94 
137 136 102 
138 139 388 
139 141 376 
140 44 396 
141 142 371 
142 84 364 
143 41 353 
144 130 25 
145 0 0 
