0 0 0 
1 0 0 
2 127 309 
3 6 70 
4 3 97 
5 6 164 
6 9 59 
7 6 74 
8 7 90 
9 1 12 
10 8 116 
11 1 47 
12 13 102 
13 14 88 
14 11 69 
15 31 174 
16 19 151 
17 12 112 
18 12 124 
19 10 141 
20 10 188 
21 27 463 
22 21 469 
23 30 509 
24 26 511 
25 77 445 
26 85 491 
27 82 434 
28 82 434 
29 38 598 
30 26 509 
31 13 103 
32 12 126 
33 132 503 
34 118 568 
35 32 158 
36 15 198 
37 38 575 
38 75 549 
39 34 580 
40 37 592 
41 48 202 
42 47 189 
43 109 289 
44 109 280 
45 47 186 
46 49 171 
47 125 184 
48 47 193 
49 50 148 
50 4 130 
51 59 450 
52 59 447 
53 72 444 
54 53 457 
55 24 572 
56 53 472 
57 61 379 
58 57 407 
59 57 426 
60 57 405 
61 35 235 
62 61 280 
63 62 292 
64 63 306 
65 63 323 
66 65 360 
67 99 384 
68 88 325 
69 36 259 
70 69 270 
71 53 708 
72 16 190 
73 72 209 
74 73 225 
75 56 505 
76 98 428 
77 98 402 
78 77 426 
79 78 446 
80 70 359 
81 64 331 
82 81 396 
83 82 406 
84 87 235 
85 79 470 
86 79 470 
87 108 227 
88 96 295 
89 96 294 
90 91 379 
91 92 368 
92 2 353 
93 92 366 
94 121 293 
95 89 310 
96 72 283 
97 74 246 
98 99 379 
99 68 351 
100 101 400 
101 99 369 
102 105 426 
103 100 432 
104 107 406 
105 99 413 
106 92 377 
107 106 391 
108 48 210 
109 142 274 
110 111 586 
111 113 559 
112 111 575 
113 118 548 
114 130 563 
115 114 574 
116 114 579 
117 116 597 
118 33 543 
119 38 640 
120 20 209 
121 74 270 
122 129 263 
123 124 223 
124 47 213 
125 46 180 
126 128 277 
127 129 281 
128 129 253 
129 47 235 
130 33 546 
131 33 545 
132 133 494 
133 53 483 
134 53 479 
135 136 540 
136 137 482 
137 52 469 
138 139 293 
139 141 274 
140 44 305 
141 143 266 
142 84 255 
143 41 237 
144 130 570 
145 130 559 
