1 9 18.05
1 11 17.7
2 92 67.01
2 127 10.57
2 128 22.63
3 4 41.42
3 6 19.57
4 3 14.77
4 50 57.49
5 6 56.29
6 3 4.26
6 5 157.91
6 9 17.74
6 7 26.73
7 6 5.81
7 8 8.76
8 7 24.57
8 10 9.73
9 1 6.44
9 6 81.55
10 8 44.74
10 19 38.29
10 20 124.36
11 1 81.33
11 14 33.29
12 17 4.06
12 18 8.58
12 13 25.2
12 32 13.11
13 12 5.48
13 14 29.01
13 31 23.22
14 11 11.87
14 13 10.34
15 36 41.57
15 31 122.3
16 19 3.92
16 20 93.05
16 72 59.83
17 12 18.66
17 18 4.6
18 12 39.46
18 17 21.15
19 10 13.65
19 16 18.02
20 10 27.06
20 16 20.24
20 120 31.92
21 27 15.65
21 53 31.3
21 22 2.26
22 21 10.38
22 26 103.27
23 30 0.14
23 38 36.67
23 24 11.85
24 23 54.45
24 26 34.65
24 55 32.88
25 26 83.2
25 28 8.63
25 77 65.89
26 22 22.47
26 24 7.54
26 25 29.66
26 85 32.12
26 30 31.57
27 21 43.91
27 82 20.72
28 25 39.65
28 82 14.37
29 38 84.47
30 23 0.03
30 26 6.87
31 13 8.28
31 15 26.61
32 12 36.77
32 35 56.53
33 130 23.01
33 131 15.7
33 132 3.57
33 118 60.3
34 118 13.54
34 39 4.6
35 32 12.3
35 61 133.55
36 15 9.04
36 69 92.58
37 38 40.36
37 40 9.62
38 23 102.87
38 29 18.38
38 37 14.39
38 75 23.95
38 119 49.2
39 34 21.13
39 40 41.43
40 37 27.0
40 39 9.01
41 42 7.81
41 143 52.6
41 48 3.69
42 41 21.92
42 47 3.12
43 109 23.85
44 140 38.53
44 109 3.51
45 47 4.55
46 49 8.81
46 125 14.46
47 42 8.76
47 45 0.99
47 129 77.98
47 130 250.64
47 48 14.41
47 124 15.77
47 125 1.71
48 41 16.97
48 47 5.14
48 108 25.7
49 46 40.48
49 50 6.74
50 4 12.51
50 49 31.0
51 59 42.45
52 137 11.88
52 59 31.77
53 21 87.8
53 133 21.29
53 134 18.76
53 71 141.68
53 72 136.23
53 54 4.95
53 56 48.19
54 53 22.73
54 59 12.38
55 24 92.24
55 119 45.68
55 71 108.53
56 53 10.48
56 75 50.12
57 58 15.08
57 59 71.39
57 60 39.17
57 61 77.41
57 80 34.89
58 57 42.29
58 82 93.55
59 51 9.24
59 52 11.33
59 54 56.88
59 57 25.45
59 60 12.39
59 61 102.82
60 57 13.96
60 59 34.77
61 35 29.06
61 57 217.15
61 59 288.41
61 62 77.99
61 70 34.36
61 72 91.2
62 61 16.97
62 63 21.63
63 62 4.71
63 65 53.88
63 64 25.36
64 63 5.52
64 81 13.42
65 63 11.72
65 66 63.99
66 65 13.92
66 99 31.63
67 99 57.68
68 99 39.83
68 88 51.56
69 36 33.0
69 70 17.8
70 61 157.93
70 69 6.35
70 80 134.95
71 53 454.57
71 55 498.86
71 119 514.01
72 16 21.33
72 53 382.13
72 61 32.51
72 73 29.7
72 96 160.91
73 72 10.59
73 74 28.28
74 73 6.15
74 121 77.39
74 97 36.95
75 38 67.19
75 56 17.87
76 98 85.18
76 83 21.99
77 25 23.49
77 98 12.82
77 100 46.23
77 78 42.25
78 77 9.19
78 103 45.23
78 79 11.03
79 78 30.95
79 85 13.17
79 86 13.05
80 57 160.36
80 70 48.11
81 64 37.63
81 82 98.6
82 27 58.13
82 28 66.04
82 58 20.35
82 81 35.15
82 83 18.71
83 76 61.68
83 82 4.07
84 142 34.86
84 87 13.06
85 26 11.45
85 79 36.93
85 86 3.36
86 79 36.59
86 85 15.44
87 84 4.66
87 108 9.38
88 68 11.22
88 89 9.49
88 96 4.64
89 88 26.61
89 94 13.79
89 95 27.68
89 96 6.13
90 91 5.95
90 93 9.01
91 90 16.69
91 92 23.63
92 2 23.89
92 91 8.42
92 93 7.2
92 95 20.82
92 106 8.97
93 90 25.28
93 92 20.2
94 89 63.37
94 121 35.42
95 89 6.02
95 92 95.68
95 127 75.93
96 72 35.01
96 88 21.33
96 89 17.2
96 97 18.31
96 121 19.85
97 74 8.04
97 96 84.14
98 76 18.53
98 77 35.96
98 99 15.08
99 66 6.88
99 67 12.55
99 68 14.2
99 98 42.29
99 101 31.22
99 105 107.67
100 77 16.48
100 101 11.88
100 103 48.51
101 99 6.79
101 100 54.62
102 105 19.84
102 103 59.37
103 78 9.84
103 100 17.29
103 102 21.17
104 105 20.07
104 107 8.34
105 99 23.43
105 102 7.07
105 104 7.15
106 92 41.23
106 107 22.12
107 104 23.38
107 106 7.89
108 48 9.16
108 87 26.3
109 43 8.5
109 44 9.84
109 142 7.23
110 117 6.64
110 111 41.87
111 110 14.93
111 113 6.03
111 112 8.64
111 114 17.14
112 111 24.25
113 111 16.91
113 118 9.31
114 111 78.78
114 145 16.56
114 130 9.47
114 115 4.41
114 116 24.28
115 114 20.27
115 116 28.39
116 114 8.65
116 115 6.18
116 117 31.86
117 110 18.63
117 116 6.93
118 33 21.5
118 34 37.99
118 113 2.02
119 38 138.0
119 55 128.14
119 71 183.24
120 20 11.38
120 121 95.0
120 123 35.59
121 74 16.84
121 94 12.63
121 96 55.68
121 120 33.87
121 126 52.51
122 129 10.59
123 120 12.69
123 124 15.94
124 47 44.24
124 123 5.68
125 46 5.15
125 47 7.84
126 121 18.72
126 128 36.08
127 2 48.59
127 95 27.07
127 129 24.78
127 128 12.07
128 2 104.03
128 126 12.86
128 127 55.49
128 129 9.81
129 47 27.8
129 122 48.68
129 127 69.51
129 128 27.52
130 33 64.56
130 47 703.06
130 114 26.57
130 131 21.01
130 145 7.41
130 144 9.21
131 33 72.14
131 130 58.95
131 135 58.37
132 33 16.4
132 133 4.13
133 53 59.71
133 132 18.99
134 53 52.61
134 137 15.14
135 131 12.7
135 136 21.91
136 135 100.73
136 137 7.11
137 52 33.32
137 134 69.6
137 136 19.96
138 139 10.27
138 140 39.15
139 138 28.8
139 141 14.94
140 44 13.73
140 138 8.52
141 139 3.25
141 142 6.35
141 143 16.02
142 84 7.58
142 109 33.24
142 141 17.8
142 143 9.74
143 41 18.75
143 141 44.93
143 142 27.33
144 130 42.35
145 114 46.45
145 130 20.77
