1 9 6.29
1 11 20.84
2 92 48.24
2 127 12.45
2 128 26.66
3 4 14.42
3 6 11.15
4 3 26.99
4 50 32.75
5 6 102.89
6 3 5.96
6 5 54.98
6 9 24.82
6 7 16.82
7 6 6.85
7 8 16.01
8 7 8.55
8 10 13.62
9 1 11.76
9 6 46.46
10 8 25.49
10 19 27.57
10 20 70.84
11 1 51.19
11 14 23.96
12 17 4.78
12 18 12.01
12 13 14.36
12 32 23.96
13 12 7.67
13 14 10.1
13 31 16.71
14 11 9.76
14 13 18.9
15 36 26.16
15 31 69.67
16 19 5.48
16 20 53.01
16 72 43.07
17 12 11.74
17 18 6.44
18 12 22.48
18 17 12.05
19 10 11.22
19 16 10.26
20 10 31.87
20 16 28.32
20 120 11.11
21 27 12.87
21 53 57.21
21 22 3.16
22 21 5.91
22 26 58.83
23 30 0.08
23 38 67.03
23 24 16.57
24 23 31.02
24 26 19.74
24 55 60.1
25 26 59.89
25 28 12.07
25 77 22.94
26 22 31.43
26 24 10.55
26 25 24.39
26 85 11.18
26 30 19.87
27 21 31.61
27 82 17.04
28 25 22.59
28 82 16.92
29 38 53.16
30 23 0.03
30 26 8.09
31 13 6.8
31 15 37.23
32 12 12.8
32 35 35.57
33 130 42.07
33 131 21.96
33 132 4.2
33 118 43.41
34 118 24.76
34 39 5.42
35 32 14.49
35 61 84.05
36 15 10.65
36 69 66.64
37 38 14.05
37 40 17.59
38 23 35.82
38 29 21.65
38 37 26.3
38 75 43.78
38 119 89.92
39 34 13.3
39 40 23.6
40 37 9.4
40 39 12.61
41 42 14.28
41 143 18.31
41 48 4.35
42 41 7.63
42 47 2.57
43 109 8.3
44 140 13.41
44 109 2.88
45 47 2.59
46 49 12.32
46 125 10.41
47 42 6.31
47 45 1.39
47 129 56.13
47 130 458.11
47 48 5.02
47 124 28.83
47 125 2.01
48 41 10.68
48 47 9.39
48 108 8.95
49 46 23.06
49 50 9.43
50 4 17.5
50 49 17.66
51 59 24.18
52 137 21.71
52 59 11.06
53 21 30.57
53 133 38.91
53 134 34.28
53 71 116.49
53 72 112.01
53 54 5.82
53 56 30.32
54 53 14.31
54 59 14.58
55 24 32.11
55 119 83.5
55 71 127.83
56 53 12.35
56 75 36.08
57 58 12.4
57 59 51.39
57 60 28.19
57 61 63.65
57 80 41.09
58 57 30.44
58 82 53.29
59 51 12.92
59 52 20.7
59 54 35.8
59 57 20.93
59 60 10.19
59 61 84.54
60 57 11.48
60 59 25.03
61 35 34.22
61 57 156.31
61 59 207.61
61 62 49.08
61 70 48.07
61 72 31.75
62 61 19.99
62 63 13.61
63 62 5.54
63 65 33.91
63 64 15.96
64 63 6.5
64 81 24.52
65 63 13.81
65 66 40.27
66 65 16.4
66 99 18.02
67 99 32.86
68 99 28.68
68 88 29.37
69 36 27.14
69 70 6.2
70 61 89.97
70 69 11.6
70 80 97.14
71 53 286.08
71 55 313.95
71 119 370.01
72 16 17.54
72 53 275.08
72 61 59.43
72 73 10.34
72 96 101.26
73 72 19.35
73 74 16.11
74 73 7.25
74 121 44.08
74 97 23.25
75 38 23.39
75 56 14.69
76 98 48.53
76 83 40.19
77 25 42.93
77 98 10.54
77 100 16.1
77 78 26.59
78 77 10.83
78 103 25.77
78 79 20.17
79 78 10.78
79 85 24.07
79 86 23.84
80 57 100.92
80 70 39.56
81 64 13.1
81 82 70.98
82 27 41.84
82 28 41.56
82 58 28.47
82 81 28.9
82 83 10.66
83 76 21.47
83 82 5.69
84 142 19.86
84 87 9.4
85 26 20.93
85 79 12.86
85 86 3.96
86 79 12.74
86 85 9.72
87 84 3.83
87 108 17.14
88 68 15.69
88 89 7.8
88 96 5.46
89 88 19.15
89 94 16.24
89 95 15.77
89 96 11.21
90 91 4.89
90 93 16.48
91 90 12.02
91 92 17.01
92 2 19.64
92 91 6.93
92 93 13.16
92 95 24.52
92 106 12.55
93 90 8.8
93 92 7.03
94 89 39.88
94 121 12.33
95 89 8.43
95 92 60.22
95 127 26.44
96 72 41.23
96 88 13.42
96 89 5.99
96 97 21.56
96 121 16.32
97 74 9.47
97 96 52.95
98 76 25.93
98 77 25.89
98 99 12.4
99 66 9.63
99 67 17.56
99 68 11.68
99 98 30.44
99 101 19.65
99 105 61.34
100 77 30.12
100 101 14.0
100 103 34.92
101 99 8.0
101 100 34.38
102 105 6.91
102 103 42.74
103 78 13.77
103 100 14.22
103 102 17.4
104 105 14.45
104 107 6.85
105 99 32.77
105 102 12.93
105 104 5.88
106 92 23.49
106 107 15.93
107 104 16.83
107 106 6.48
108 48 16.74
108 87 9.16
109 43 15.54
109 44 7.08
109 142 8.52
110 117 12.14
110 111 14.58
111 110 27.28
111 113 11.02
111 112 15.8
111 114 23.98
112 111 8.44
113 111 5.89
113 118 5.86
114 111 44.88
114 145 13.62
114 130 7.79
114 115 6.17
114 116 17.48
115 114 11.55
115 116 17.87
116 114 7.12
116 115 7.28
116 117 18.15
117 110 6.49
117 116 9.7
118 33 17.68
118 34 13.23
118 113 2.38
119 38 48.05
119 55 44.61
119 71 150.66
120 20 20.8
120 121 68.38
120 123 12.39
121 74 23.55
121 94 23.08
121 96 40.08
121 120 27.84
121 126 18.28
122 129 12.48
123 120 23.19
123 124 5.55
124 47 15.4
124 123 10.38
125 46 4.24
125 47 4.93
126 121 34.22
126 128 12.56
127 2 30.58
127 95 49.48
127 129 20.37
127 128 14.22
128 2 65.47
128 126 23.51
128 127 34.92
128 129 8.07
129 47 22.86
129 122 30.64
129 127 50.04
129 128 19.81
130 33 22.48
130 47 244.78
130 114 19.13
130 131 17.28
130 145 6.09
130 144 12.89
131 33 41.1
131 130 42.43
131 135 33.25
132 33 10.32
132 133 4.87
133 53 20.79
133 132 11.95
134 53 18.32
134 137 17.84
135 131 17.77
135 136 25.81
136 135 63.39
136 137 5.85
137 52 11.6
137 134 43.8
137 136 14.37
138 139 18.77
138 140 24.64
139 138 10.03
139 141 9.4
140 44 25.1
140 138 10.03
141 139 3.83
141 142 11.6
141 143 29.27
142 84 10.61
142 109 20.92
142 141 6.2
142 143 17.81
143 41 34.27
143 141 15.64
143 142 9.52
144 130 24.13
145 114 33.44
145 130 14.95
