1 9 26.78
1 11 20.84
2 92 99.39
2 127 12.45
2 128 26.66
3 4 61.44
3 6 29.11
4 3 19.36
4 50 85.54
5 6 73.79
6 3 5.01
6 5 234.21
6 9 20.9
6 7 39.77
7 6 6.85
7 8 11.48
8 7 36.44
8 10 11.47
9 1 8.44
9 6 121.35
10 8 66.57
10 19 56.8
10 20 185.04
11 1 121.02
11 14 49.37
12 17 4.78
12 18 10.11
12 13 37.5
12 32 17.18
13 12 6.46
13 14 43.03
13 31 34.43
14 11 15.56
14 13 13.56
15 36 61.86
15 31 181.98
16 19 4.62
16 20 138.46
16 72 88.75
17 12 27.76
17 18 5.42
18 12 58.71
18 17 31.47
19 10 17.9
19 16 26.81
20 10 31.87
20 16 23.84
20 120 47.35
21 27 20.52
21 53 41.03
21 22 2.66
22 21 15.45
22 26 153.66
23 30 0.2
23 38 48.08
23 24 13.95
24 23 81.03
24 26 51.55
24 55 43.11
25 26 123.41
25 28 10.16
25 77 97.72
26 22 26.46
26 24 8.88
26 25 38.88
26 85 47.64
26 30 46.98
27 21 65.13
27 82 27.16
28 25 59.0
28 82 16.92
29 38 125.69
30 23 0.03
30 26 8.09
31 13 10.85
31 15 31.34
32 12 54.54
32 35 84.11
33 130 30.17
33 131 18.49
33 132 4.2
33 118 89.44
34 118 17.75
34 39 5.42
35 32 14.49
35 61 198.73
36 15 10.65
36 69 137.32
37 38 59.86
37 40 12.62
38 23 152.58
38 29 21.65
38 37 18.86
38 75 31.4
38 119 64.49
39 34 31.45
39 40 61.65
40 37 40.04
40 39 10.62
41 42 10.24
41 143 78.01
41 48 4.35
42 41 32.51
42 47 4.09
43 109 35.37
44 140 57.14
44 109 4.6
45 47 6.78
46 49 10.37
46 125 21.44
47 42 12.99
47 45 1.17
47 129 115.66
47 130 328.56
47 48 21.37
47 124 20.67
47 125 2.01
48 41 25.25
48 47 6.73
48 108 38.11
49 46 60.23
49 50 7.94
50 4 14.73
50 49 46.12
51 59 63.17
52 137 15.57
52 59 47.13
53 21 130.22
53 133 27.9
53 134 24.59
53 71 185.72
53 72 178.58
53 54 5.82
53 56 71.7
54 53 33.82
54 59 14.58
55 24 136.81
55 119 59.89
55 71 127.83
56 53 12.35
56 75 74.33
57 58 19.76
57 59 105.89
57 60 58.09
57 61 101.48
57 80 41.09
58 57 62.73
58 82 139.2
59 51 10.88
59 52 14.85
59 54 84.64
59 57 33.36
59 60 16.25
59 61 134.78
60 57 18.3
60 59 51.57
61 35 34.22
61 57 322.08
61 59 427.78
61 62 116.05
61 70 40.47
61 72 135.27
62 61 19.99
62 63 32.19
63 62 5.54
63 65 80.17
63 64 37.73
64 63 6.5
64 81 17.59
65 63 13.81
65 66 95.22
66 65 16.4
66 99 47.07
67 99 85.83
68 99 59.08
68 88 76.72
69 36 43.27
69 70 26.4
70 61 235.0
70 69 8.32
70 80 200.16
71 53 676.39
71 55 742.28
71 119 762.4
72 16 27.96
72 53 566.79
72 61 42.62
72 73 44.05
72 96 239.42
73 72 13.88
73 74 42.08
74 73 7.25
74 121 115.15
74 97 54.98
75 38 99.66
75 56 23.42
76 98 126.75
76 83 28.82
77 25 30.79
77 98 16.8
77 100 68.57
77 78 62.86
78 77 10.83
78 103 67.3
78 79 14.46
79 78 45.91
79 85 17.26
79 86 17.1
80 57 238.61
80 70 63.07
81 64 55.82
81 82 146.25
82 27 86.22
82 28 98.26
82 58 23.97
82 81 46.08
82 83 27.84
83 76 91.48
83 82 4.79
84 142 51.87
84 87 19.38
85 26 15.01
85 79 54.78
85 86 3.96
86 79 54.28
86 85 22.98
87 84 6.11
87 108 12.29
88 68 13.21
88 89 12.43
88 96 5.46
89 88 39.46
89 94 16.24
89 95 41.19
89 96 8.04
90 91 7.8
90 93 11.82
91 90 24.76
91 92 35.05
92 2 31.32
92 91 11.04
92 93 9.44
92 95 24.52
92 106 10.56
93 90 37.5
93 92 29.96
94 89 94.29
94 121 52.53
95 89 7.09
95 92 142.37
95 127 112.62
96 72 41.23
96 88 31.73
96 89 25.52
96 97 21.56
96 121 26.02
97 74 9.47
97 96 125.2
98 76 21.83
98 77 53.34
98 99 19.76
99 66 8.11
99 67 14.78
99 68 18.62
99 98 62.73
99 101 46.45
99 105 160.21
100 77 21.6
100 101 14.0
100 103 71.95
101 99 8.0
101 100 81.27
102 105 29.43
102 103 88.07
103 78 11.59
103 100 22.67
103 102 27.75
104 105 29.76
104 107 10.93
105 99 27.59
105 102 9.27
105 104 9.38
106 92 61.34
106 107 32.81
107 104 34.68
107 106 10.34
108 48 12.01
108 87 39.01
109 43 11.15
109 44 14.59
109 142 8.52
110 117 8.71
110 111 62.1
111 110 19.57
111 113 7.9
111 112 11.33
111 114 20.19
112 111 35.97
113 111 25.09
113 118 13.85
114 111 117.23
114 145 21.71
114 130 12.42
114 115 5.19
114 116 36.01
115 114 30.16
115 116 42.25
116 114 11.35
116 115 7.28
116 117 47.4
117 110 27.64
117 116 8.16
118 33 28.18
118 34 56.35
118 113 2.38
119 38 204.69
119 55 190.07
119 71 240.21
120 20 14.92
120 121 140.9
120 123 52.79
121 74 19.83
121 94 16.55
121 96 82.59
121 120 44.39
121 126 77.88
122 129 12.48
123 120 16.63
123 124 23.64
124 47 65.62
124 123 7.45
125 46 6.76
125 47 11.66
126 121 24.54
126 128 53.52
127 2 72.3
127 95 35.48
127 129 32.48
127 128 14.22
128 2 154.79
128 126 16.86
128 127 82.57
128 129 12.86
129 47 36.44
129 122 72.44
129 127 103.1
129 128 40.81
130 33 95.75
130 47 1042.79
130 114 39.41
130 131 27.55
130 145 9.71
130 144 10.85
131 33 107.34
131 130 87.43
131 135 86.85
132 33 24.4
132 133 4.87
133 53 88.56
133 132 28.25
134 53 78.03
134 137 17.84
135 131 14.96
135 136 25.81
136 135 149.88
136 137 9.33
137 52 49.42
137 134 103.57
137 136 29.6
138 139 13.46
138 140 58.25
139 138 42.72
139 141 22.23
140 44 18.0
140 138 10.03
141 139 3.83
141 142 8.32
141 143 21.0
142 84 8.93
142 109 49.46
142 141 26.4
142 143 12.77
143 41 24.58
143 141 66.64
143 142 40.54
144 130 63.02
145 114 68.9
145 130 30.81
