1 9 17.27
1 11 62.99
2 92 34.18
2 127 37.63
2 128 80.57
3 4 39.63
3 6 15.15
4 3 21.13
4 50 44.52
5 6 80.55
6 3 9.74
6 5 151.08
6 9 40.59
6 7 13.3
7 6 20.7
7 8 12.53
8 7 23.51
8 10 22.27
9 1 9.21
9 6 63.16
10 8 34.65
10 19 19.53
10 20 96.31
11 1 40.48
11 14 16.98
12 17 14.45
12 18 19.64
12 13 19.52
12 32 18.76
13 12 12.54
13 14 27.75
13 31 11.84
14 11 31.85
14 13 14.8
15 36 20.69
15 31 94.72
16 19 8.97
16 20 72.07
16 72 30.52
17 12 9.28
17 18 10.53
18 12 30.56
18 17 16.38
19 10 36.64
19 16 13.95
20 10 96.31
20 16 46.31
20 120 30.54
21 27 42.01
21 53 44.79
21 22 5.17
22 21 8.04
22 26 79.98
23 30 0.1
23 38 52.48
23 24 27.1
24 23 42.17
24 26 26.83
24 55 47.05
25 26 42.44
25 28 19.73
25 77 63.04
26 22 51.39
26 24 17.24
26 25 79.6
26 85 30.73
26 30 15.71
27 21 22.4
27 82 55.61
28 25 30.71
28 82 51.15
29 38 42.04
30 23 0.1
30 26 24.45
31 13 22.21
31 15 60.87
32 12 35.18
32 35 28.13
33 130 32.93
33 131 35.9
33 132 12.7
33 118 30.76
34 118 19.38
34 39 16.37
35 32 43.78
35 61 66.46
36 15 32.2
36 69 47.23
37 38 38.61
37 40 13.77
38 23 98.42
38 29 65.42
38 37 20.59
38 75 34.27
38 119 70.4
39 34 10.52
39 40 32.09
40 37 25.83
40 39 20.62
41 42 11.18
41 143 50.32
41 48 13.14
42 41 20.97
42 47 8.38
43 109 22.82
44 140 36.86
44 109 9.41
45 47 3.53
46 49 20.14
46 125 7.38
47 42 4.47
47 45 2.27
47 129 39.78
47 130 358.65
47 48 13.78
47 124 22.57
47 125 6.07
48 41 8.44
48 47 7.35
48 108 24.58
49 46 31.35
49 50 15.43
50 4 28.61
50 49 24.01
51 59 32.88
52 137 17.0
52 59 30.4
53 21 84.0
53 133 30.46
53 134 26.84
53 71 380.23
53 72 365.61
53 54 17.6
53 56 23.98
54 53 11.31
54 59 44.06
55 24 88.25
55 119 65.37
55 71 386.36
56 53 37.32
56 75 25.57
57 58 40.46
57 59 36.42
57 60 19.98
57 61 207.76
57 80 124.2
58 57 21.57
58 82 72.45
59 51 21.13
59 52 16.21
59 54 28.31
59 57 68.31
59 60 33.26
59 61 275.94
60 57 37.47
60 59 17.74
61 35 103.44
61 57 110.77
61 59 147.13
61 62 38.81
61 70 78.6
61 72 87.26
62 61 60.4
62 63 10.76
63 62 16.75
63 65 26.81
63 64 12.62
64 63 19.64
64 81 19.2
65 63 41.73
65 66 31.85
66 65 49.56
66 99 24.5
67 99 44.68
68 99 20.32
68 88 39.93
69 36 88.58
69 70 17.03
70 61 122.32
70 69 9.08
70 80 68.84
71 53 226.22
71 55 248.26
71 119 262.21
72 16 57.25
72 53 194.94
72 61 46.52
72 73 28.41
72 96 80.08
73 72 15.15
73 74 21.9
74 73 21.9
74 121 59.93
74 97 18.39
75 38 64.28
75 56 47.95
76 98 65.97
76 83 31.46
77 25 33.61
77 98 34.4
77 100 44.23
77 78 21.02
78 77 32.72
78 103 35.03
78 79 15.79
79 78 29.61
79 85 18.84
79 86 18.67
80 57 79.81
80 70 129.12
81 64 36.0
81 82 50.3
82 27 29.65
82 28 32.86
82 58 46.56
82 81 94.34
82 83 14.49
83 76 59.01
83 82 9.31
84 142 27.0
84 87 6.66
85 26 16.38
85 79 35.34
85 86 11.96
86 79 35.01
86 85 7.68
87 84 12.5
87 108 13.42
88 68 25.66
88 89 25.46
88 96 16.52
89 88 13.57
89 94 49.08
89 95 21.44
89 96 8.78
90 91 15.97
90 93 12.9
91 90 8.52
91 92 12.06
92 2 64.11
92 91 22.61
92 93 10.31
92 95 74.1
92 106 20.52
93 90 24.19
93 92 19.33
94 89 31.54
94 121 33.89
95 89 13.78
95 92 47.62
95 127 72.64
96 72 124.62
96 88 10.61
96 89 16.46
96 97 65.17
96 121 53.27
97 74 28.62
97 96 41.87
98 76 42.39
98 77 18.34
98 99 40.46
99 66 15.74
99 67 28.71
99 68 38.11
99 98 21.57
99 101 15.54
99 105 83.39
100 77 23.58
100 101 42.3
100 103 24.75
101 99 24.18
101 100 27.18
102 105 18.98
102 103 30.29
103 78 22.51
103 100 46.41
103 102 56.81
104 105 10.24
104 107 22.37
105 99 53.58
105 102 10.12
105 104 19.2
106 92 31.93
106 107 11.29
107 104 11.93
107 106 21.17
108 48 13.11
108 87 25.16
109 43 12.17
109 44 5.02
109 142 25.75
110 117 9.51
110 111 40.06
111 110 21.36
111 113 8.63
111 112 12.37
111 114 39.21
112 111 23.2
113 111 16.18
113 118 4.63
114 111 61.02
114 145 44.45
114 130 25.42
114 115 10.09
114 116 12.38
115 114 15.7
115 116 14.13
116 114 23.23
116 115 21.99
116 117 24.67
117 110 17.83
117 116 15.85
118 33 57.69
118 34 36.35
118 113 7.21
119 38 132.03
119 55 122.6
119 71 491.78
120 20 16.28
120 121 48.46
120 123 34.05
121 74 38.51
121 94 18.07
121 96 28.4
121 120 90.89
121 126 50.24
122 129 37.7
123 120 18.15
123 124 15.25
124 47 42.33
124 123 8.13
125 46 13.83
125 47 3.9
126 121 26.79
126 128 34.52
127 2 24.18
127 95 38.73
127 129 66.5
127 128 42.98
128 2 51.77
128 126 18.41
128 127 27.61
128 129 26.33
129 47 74.61
129 122 24.23
129 127 35.46
129 128 14.04
130 33 61.77
130 47 672.65
130 114 13.55
130 131 56.4
130 145 19.88
130 144 21.08
131 33 55.87
131 130 30.07
131 135 45.2
132 33 8.16
132 133 14.71
133 53 57.13
133 132 9.45
134 53 50.33
134 137 53.91
135 131 29.05
135 136 78.01
136 135 50.13
136 137 19.1
137 52 31.88
137 134 34.64
137 136 10.18
138 139 14.69
138 140 19.48
139 138 27.55
139 141 7.43
140 44 19.65
140 138 30.32
141 139 11.57
141 142 9.08
141 143 22.92
142 84 17.35
142 109 16.54
142 141 17.03
142 143 13.94
143 41 26.83
143 141 42.98
143 142 26.15
144 130 32.8
145 114 23.7
145 130 10.6
