1 9 13.0
1 11 24.76
2 92 23.33
2 127 14.79
2 128 31.66
3 4 29.82
3 6 12.31
4 3 12.14
4 50 36.18
5 6 46.28
6 3 5.01
6 5 113.67
6 9 20.9
6 7 15.22
7 6 8.13
7 8 7.2
8 7 17.69
8 10 11.47
9 1 5.29
9 6 51.33
10 8 28.16
10 19 13.33
10 20 78.26
11 1 46.33
11 14 11.59
12 17 5.68
12 18 10.11
12 13 15.86
12 32 10.78
13 12 6.46
13 14 20.88
13 31 8.08
14 11 21.69
14 13 8.5
15 36 23.68
15 31 76.97
16 19 4.62
16 20 58.56
16 72 20.83
17 12 10.63
17 18 5.42
18 12 24.83
18 17 13.31
19 10 24.95
19 16 11.34
20 10 37.85
20 16 23.84
20 120 22.98
21 27 28.61
21 53 25.73
21 22 2.66
22 21 6.53
22 26 64.99
23 30 0.09
23 38 30.15
23 24 13.95
24 23 34.27
24 26 21.8
24 55 27.04
25 26 28.97
25 28 10.16
25 77 47.43
26 22 26.46
26 24 8.88
26 25 54.21
26 85 23.12
26 30 17.99
27 21 15.29
27 82 37.88
28 25 24.95
28 82 20.1
29 38 48.12
30 23 0.04
30 26 9.61
31 13 15.13
31 15 31.34
32 12 26.47
32 35 32.2
33 130 18.92
33 131 18.49
33 132 4.99
33 118 20.99
34 118 11.14
34 39 6.43
35 32 17.21
35 61 76.08
36 15 12.65
36 69 32.23
37 38 29.05
37 40 7.91
38 23 74.05
38 29 25.71
38 37 11.83
38 75 19.69
38 119 40.45
39 34 12.04
39 40 26.07
40 37 19.43
40 39 10.62
41 42 6.42
41 143 37.86
41 48 5.16
42 41 15.78
42 47 5.71
43 109 17.17
44 140 27.73
44 109 6.41
45 47 2.87
46 49 10.37
46 125 5.03
47 42 3.05
47 45 1.17
47 129 27.15
47 130 206.07
47 48 10.37
47 124 12.97
47 125 2.39
48 41 9.67
48 47 4.22
48 108 18.5
49 46 25.47
49 50 7.94
50 4 14.73
50 49 19.51
51 59 26.72
52 137 9.77
52 59 22.87
53 21 63.2
53 133 17.5
53 134 15.42
53 71 258.96
53 72 249.0
53 54 6.92
53 56 27.45
54 53 12.95
54 59 17.31
55 24 66.4
55 119 37.56
55 71 151.84
56 53 14.67
56 75 17.45
57 58 27.56
57 59 24.86
57 60 13.64
57 61 141.49
57 80 48.81
58 57 14.72
58 82 58.87
59 51 10.88
59 52 9.31
59 54 32.4
59 57 46.52
59 60 22.65
59 61 187.93
60 57 25.52
60 59 12.1
61 35 40.65
61 57 75.6
61 59 100.41
61 62 44.43
61 70 40.47
61 72 65.65
62 61 23.74
62 63 12.32
63 62 6.58
63 65 30.69
63 64 14.44
64 63 7.72
64 81 11.03
65 63 16.4
65 66 36.45
66 65 19.48
66 99 19.91
67 99 36.3
68 99 13.87
68 88 32.45
69 36 60.33
69 70 12.81
70 61 99.39
70 69 5.22
70 80 46.98
71 53 258.96
71 55 284.18
71 119 178.96
72 16 38.99
72 53 133.04
72 61 26.73
72 73 21.38
72 96 91.66
73 72 8.7
73 74 17.8
74 73 8.61
74 121 48.7
74 97 21.05
75 38 48.37
75 56 32.66
76 98 53.61
76 83 18.08
77 25 19.31
77 98 23.43
77 100 33.28
77 78 24.07
78 77 12.86
78 103 28.47
78 79 9.07
79 78 22.28
79 85 10.83
79 86 10.73
80 57 91.35
80 70 87.93
81 64 27.09
81 82 34.33
82 27 20.24
82 28 37.62
82 58 23.97
82 81 64.25
82 83 11.77
83 76 44.4
83 82 4.79
84 142 21.94
84 87 4.55
85 26 9.41
85 79 26.59
85 86 4.7
86 79 26.34
86 85 8.8
87 84 8.51
87 108 7.71
88 68 13.21
88 89 17.34
88 96 6.49
89 88 9.26
89 94 19.29
89 95 17.42
89 96 5.04
90 91 10.88
90 93 7.41
91 90 5.81
91 92 8.23
92 2 43.66
92 91 15.4
92 93 5.92
92 95 29.12
92 106 10.56
93 90 18.2
93 92 14.54
94 89 36.1
94 121 25.5
95 89 7.09
95 92 54.51
95 127 54.66
96 72 48.98
96 88 12.15
96 89 12.38
96 97 25.61
96 121 36.28
97 74 11.25
97 96 47.93
98 76 21.83
98 77 12.52
98 99 27.56
99 66 8.11
99 67 14.78
99 68 25.96
99 98 14.72
99 101 17.78
99 105 67.76
100 77 13.55
100 101 16.63
100 103 16.89
101 99 9.5
101 100 31.12
102 105 14.28
102 103 20.67
103 78 11.59
103 100 31.61
103 102 38.69
104 105 6.99
104 107 15.24
105 99 27.59
105 102 5.82
105 104 13.08
106 92 25.95
106 107 7.7
107 104 8.14
107 106 14.42
108 48 7.53
108 87 18.93
109 43 6.99
109 44 3.43
109 142 10.12
110 117 5.46
110 111 30.14
111 110 12.27
111 113 4.96
111 112 7.11
111 114 20.19
112 111 17.46
113 111 12.17
113 118 5.3
114 111 49.58
114 145 30.27
114 130 17.31
114 115 5.19
114 116 8.45
115 114 12.76
115 116 16.18
116 114 15.82
116 115 8.64
116 117 20.05
117 110 13.41
117 116 8.16
118 33 39.29
118 34 27.35
118 113 2.83
119 38 99.34
119 55 92.25
119 71 334.93
120 20 9.36
120 121 33.07
120 123 25.62
121 74 19.83
121 94 10.38
121 96 19.39
121 120 61.9
121 126 37.8
122 129 14.82
123 120 10.43
123 124 11.47
124 47 31.85
124 123 4.67
125 46 9.42
125 47 4.46
126 121 15.39
126 128 25.98
127 2 27.68
127 95 22.26
127 129 45.29
127 128 16.89
128 2 59.26
128 126 10.58
128 127 31.61
128 129 17.93
129 47 50.81
129 122 27.73
129 127 24.2
129 128 9.58
130 33 46.47
130 47 506.1
130 114 9.25
130 131 38.41
130 145 13.54
130 144 10.85
131 33 45.4
131 130 20.52
131 135 36.73
132 33 9.34
132 133 5.78
133 53 42.98
133 132 10.82
134 53 37.87
134 137 21.19
135 131 14.96
135 136 30.66
136 135 57.38
136 137 13.0
137 52 23.98
137 134 39.65
137 136 6.95
138 139 8.44
138 140 22.3
139 138 20.73
139 141 8.51
140 44 11.29
140 138 11.92
141 139 4.55
141 142 5.22
141 143 13.17
142 84 8.93
142 109 18.94
142 141 12.81
142 143 8.01
143 41 15.42
143 141 32.34
143 142 19.68
144 130 26.65
145 114 16.17
145 130 7.23
