1 9 10.28
1 11 36.27
2 92 64.11
2 127 21.67
2 128 46.39
3 4 23.58
3 6 15.15
4 3 36.7
4 50 44.52
5 6 139.89
6 3 9.74
6 5 89.89
6 9 40.59
6 7 22.35
7 6 11.92
7 8 21.77
8 7 13.99
8 10 22.27
9 1 15.99
9 6 63.16
10 8 34.65
10 19 36.64
10 20 96.31
11 1 68.03
11 14 31.85
12 17 8.32
12 18 19.64
12 13 19.52
12 32 32.58
13 12 12.54
13 14 16.51
13 31 22.21
14 11 16.98
14 13 25.7
15 36 34.77
15 31 94.72
16 19 8.97
16 20 72.07
16 72 57.25
17 12 15.6
17 18 10.53
18 12 30.56
18 17 16.38
19 10 19.53
19 16 13.95
20 10 55.46
20 16 46.31
20 120 18.17
21 27 22.4
21 53 77.78
21 22 5.17
22 21 8.04
22 26 79.98
23 30 0.1
23 38 91.13
23 24 27.1
24 23 42.17
24 26 26.83
24 55 81.71
25 26 79.6
25 28 19.73
25 77 37.5
26 22 51.39
26 24 17.24
26 25 42.44
26 85 18.28
26 30 26.41
27 21 42.01
27 82 29.65
28 25 30.71
28 82 29.45
29 38 70.65
30 23 0.06
30 26 14.08
31 13 11.84
31 15 60.87
32 12 20.93
32 35 47.28
33 130 57.19
33 131 35.9
33 132 7.31
33 118 57.69
34 118 33.66
34 39 9.43
35 32 25.21
35 61 111.71
36 15 18.54
36 69 88.58
37 38 22.97
37 40 23.92
38 23 58.56
38 29 37.67
38 37 35.75
38 75 59.52
38 119 122.25
39 34 17.68
39 40 32.09
40 37 15.37
40 39 20.62
41 42 19.41
41 143 29.94
41 48 7.57
42 41 12.47
42 47 4.47
43 109 13.58
44 140 21.93
44 109 5.02
45 47 3.53
46 49 20.14
46 125 13.83
47 42 8.38
47 45 2.27
47 129 74.61
47 130 622.82
47 48 8.2
47 124 39.19
47 125 3.5
48 41 14.19
48 47 12.76
48 108 14.63
49 46 31.35
49 50 15.43
50 4 28.61
50 49 24.01
51 59 32.88
52 137 29.51
52 59 18.09
53 21 49.98
53 133 52.9
53 134 46.61
53 71 202.73
53 72 194.94
53 54 10.14
53 56 40.3
54 53 19.01
54 59 25.37
55 24 52.51
55 119 113.52
55 71 222.48
56 53 21.49
56 75 47.95
57 58 21.57
57 59 68.31
57 60 37.47
57 61 110.77
57 80 71.52
58 57 40.46
58 82 72.45
59 51 21.13
59 52 28.15
59 54 47.58
59 57 36.42
59 60 17.74
59 61 147.13
60 57 19.98
60 59 33.26
61 35 59.56
61 57 207.76
61 59 275.94
61 62 65.23
61 70 78.6
61 72 51.91
62 61 34.78
62 63 18.09
63 62 9.65
63 65 45.07
63 64 21.21
64 63 11.31
64 81 33.34
65 63 24.03
65 66 53.53
66 65 28.54
66 99 24.5
67 99 44.68
68 99 38.11
68 88 39.93
69 36 47.23
69 70 10.13
70 61 122.32
70 69 15.77
70 80 129.12
71 53 380.23
71 55 417.27
71 119 491.78
72 16 30.52
72 53 365.61
72 61 80.79
72 73 16.9
72 96 134.59
73 72 26.31
73 74 21.9
74 73 12.61
74 121 59.93
74 97 30.91
75 38 38.25
75 56 25.57
76 98 65.97
76 83 54.64
77 25 58.37
77 98 18.34
77 100 26.32
77 78 35.34
78 77 18.84
78 103 35.03
78 79 27.42
79 78 17.62
79 85 32.72
79 86 32.42
80 57 134.13
80 70 68.84
81 64 21.42
81 82 94.34
82 27 55.61
82 28 55.24
82 58 46.56
82 81 50.3
82 83 14.49
83 76 35.11
83 82 9.31
84 142 27.0
84 87 12.5
85 26 28.45
85 79 21.02
85 86 6.89
86 79 20.83
86 85 12.92
87 84 6.66
87 108 23.3
88 68 25.66
88 89 13.57
88 96 9.51
89 88 25.46
89 94 28.26
89 95 21.44
89 96 15.24
90 91 8.52
90 93 22.4
91 90 15.97
91 92 22.61
92 2 34.18
92 91 12.06
92 93 17.9
92 95 42.67
92 106 20.52
93 90 14.39
93 92 11.5
94 89 53.0
94 121 20.16
95 89 13.78
95 92 80.03
95 127 43.22
96 72 71.76
96 88 17.84
96 89 9.79
96 97 37.52
96 121 28.4
97 74 16.48
97 96 70.38
98 76 42.39
98 77 34.4
98 99 21.57
99 66 15.74
99 67 28.71
99 68 20.32
99 98 40.46
99 101 26.11
99 105 83.39
100 77 40.95
100 101 24.36
100 103 46.41
101 99 13.92
101 100 45.69
102 105 11.29
102 103 56.81
103 78 22.51
103 100 24.75
103 102 30.29
104 105 19.2
104 107 11.93
105 99 53.58
105 102 17.58
105 104 10.24
106 92 31.93
106 107 21.17
107 104 22.37
107 106 11.29
108 48 22.76
108 87 14.97
109 43 21.13
109 44 9.41
109 142 14.83
110 117 16.51
110 111 23.83
111 110 37.09
111 113 14.98
111 112 21.48
111 114 39.21
112 111 13.8
113 111 9.63
113 118 7.78
114 111 61.02
114 145 23.7
114 130 13.55
114 115 10.09
114 116 23.23
115 114 15.7
115 116 23.75
116 114 12.38
116 115 12.66
116 117 24.67
117 110 10.61
117 116 15.85
118 33 30.76
118 34 21.63
118 113 4.15
119 38 78.56
119 55 72.94
119 71 262.21
120 20 28.28
120 121 90.89
120 123 20.26
121 74 38.51
121 94 31.38
121 96 53.27
121 120 48.46
121 126 29.89
122 129 21.71
123 120 31.53
123 124 9.07
124 47 25.18
124 123 14.12
125 46 7.38
125 47 6.56
126 121 46.52
126 128 20.54
127 2 40.64
127 95 67.26
127 129 35.46
127 128 24.75
128 2 87.01
128 126 31.97
128 127 46.41
128 129 14.04
129 47 39.78
129 122 40.72
129 127 66.5
129 128 26.33
130 33 36.75
130 47 400.2
130 114 25.42
130 131 30.07
130 145 10.6
130 144 21.08
131 33 55.87
131 130 56.4
131 135 45.2
132 33 13.71
132 133 8.47
133 53 33.99
133 132 15.88
134 53 29.95
134 137 31.04
135 131 29.05
135 136 44.92
136 135 84.25
136 137 10.18
137 52 18.96
137 134 58.22
137 136 19.1
138 139 25.51
138 140 32.74
139 138 16.39
139 141 12.5
140 44 34.13
140 138 17.46
141 139 6.66
141 142 15.77
141 143 39.8
142 84 17.35
142 109 27.81
142 141 10.13
142 143 24.21
143 41 46.59
143 141 25.57
143 142 15.56
144 130 32.8
145 114 44.45
145 130 19.88
