1 9 9.21
1 11 40.48
2 92 64.11
2 127 24.18
2 128 51.77
3 4 21.13
3 6 9.74
4 3 39.63
4 50 28.61
5 6 151.08
6 3 15.15
6 5 80.55
6 9 63.16
6 7 20.7
7 6 13.3
7 8 23.51
8 7 12.53
8 10 34.65
9 1 17.27
9 6 40.59
10 8 22.27
10 19 36.64
10 20 61.89
11 1 62.99
11 14 31.85
12 17 9.28
12 18 30.56
12 13 12.54
12 32 35.18
13 12 19.52
13 14 14.8
13 31 22.21
14 11 16.98
14 13 27.75
15 36 32.2
15 31 60.87
16 19 13.95
16 20 46.31
16 72 57.25
17 12 14.45
17 18 16.38
18 12 19.64
18 17 10.53
19 10 19.53
19 16 8.97
20 10 61.89
20 16 72.07
20 120 16.28
21 27 22.4
21 53 84.0
21 22 8.04
22 21 5.17
22 26 51.39
23 30 0.07
23 38 98.42
23 24 42.17
24 23 27.1
24 26 17.24
24 55 88.25
25 26 79.6
25 28 30.71
25 77 33.61
26 22 79.98
26 24 26.83
26 25 42.44
26 85 16.38
26 30 24.45
27 21 42.01
27 82 29.65
28 25 19.73
28 82 32.86
29 38 65.42
30 23 0.07
30 26 15.71
31 13 11.84
31 15 94.72
32 12 18.76
32 35 43.78
33 130 61.77
33 131 55.87
33 132 8.16
33 118 57.69
34 118 36.35
34 39 10.52
35 32 28.13
35 61 103.44
36 15 20.69
36 69 88.58
37 38 20.59
37 40 25.83
38 23 52.48
38 29 42.04
38 37 38.61
38 75 64.28
38 119 132.03
39 34 16.37
39 40 20.62
40 37 13.77
40 39 32.09
41 42 20.97
41 143 26.83
41 48 8.44
42 41 11.18
42 47 4.47
43 109 12.17
44 140 19.65
44 109 5.02
45 47 2.27
46 49 31.35
46 125 13.83
47 42 8.38
47 45 3.53
47 129 74.61
47 130 672.65
47 48 7.35
47 124 42.33
47 125 3.9
48 41 13.14
48 47 13.78
48 108 13.11
49 46 20.14
49 50 24.01
50 4 44.52
50 49 15.43
51 59 21.13
52 137 31.88
52 59 16.21
53 21 44.79
53 133 57.13
53 134 50.33
53 71 202.73
53 72 194.94
53 54 11.31
53 56 37.32
54 53 17.6
54 59 28.31
55 24 47.05
55 119 122.6
55 71 248.26
56 53 23.98
56 75 47.95
57 58 21.57
57 59 68.31
57 60 37.47
57 61 110.77
57 80 79.81
58 57 40.46
58 82 46.56
59 51 32.88
59 52 30.4
59 54 44.06
59 57 36.42
59 60 17.74
59 61 147.13
60 57 19.98
60 59 33.26
61 35 66.46
61 57 207.76
61 59 275.94
61 62 60.4
61 70 122.32
61 72 46.52
62 61 38.81
62 63 16.75
63 62 10.76
63 65 41.73
63 64 19.64
64 63 12.62
64 81 36.0
65 63 26.81
65 66 49.56
66 65 31.85
66 99 15.74
67 99 28.71
68 99 38.11
68 88 25.66
69 36 47.23
69 70 9.08
70 61 78.6
70 69 17.03
70 80 129.12
71 53 352.06
71 55 386.36
71 119 491.78
72 16 30.52
72 53 365.61
72 61 87.26
72 73 15.15
72 96 124.62
73 72 28.41
73 74 14.07
74 73 14.07
74 121 38.51
74 97 28.62
75 38 34.27
75 56 25.57
76 98 42.39
76 83 59.01
77 25 63.04
77 98 18.34
77 100 23.58
77 78 32.72
78 77 21.02
78 103 22.51
78 79 29.61
79 78 15.79
79 85 35.34
79 86 35.01
80 57 124.2
80 70 68.84
81 64 19.2
81 82 94.34
82 27 55.61
82 28 51.15
82 58 72.45
82 81 50.3
82 83 9.31
83 76 31.46
83 82 14.49
84 142 17.35
84 87 12.5
85 26 30.73
85 79 18.84
85 86 7.68
86 79 18.67
86 85 11.96
87 84 6.66
87 108 25.16
88 68 39.93
88 89 13.57
88 96 10.61
89 88 25.46
89 94 31.54
89 95 13.78
89 96 16.46
90 91 8.52
90 93 24.19
91 90 15.97
91 92 22.61
92 2 34.18
92 91 12.06
92 93 19.33
92 95 47.62
92 106 31.93
93 90 12.9
93 92 10.31
94 89 49.08
94 121 18.07
95 89 21.44
95 92 74.1
95 127 38.73
96 72 80.08
96 88 16.52
96 89 8.78
96 97 41.87
96 121 28.4
97 74 18.39
97 96 65.17
98 76 65.97
98 77 34.4
98 99 21.57
99 66 24.5
99 67 44.68
99 68 20.32
99 98 40.46
99 101 24.18
99 105 53.58
100 77 44.23
100 101 27.18
100 103 46.41
101 99 15.54
101 100 42.3
102 105 10.12
102 103 56.81
103 78 35.03
103 100 24.75
103 102 30.29
104 105 19.2
104 107 11.93
105 99 83.39
105 102 18.98
105 104 10.24
106 92 20.52
106 107 21.17
107 104 22.37
107 106 11.29
108 48 24.58
108 87 13.42
109 43 22.82
109 44 9.41
109 142 16.54
110 117 17.83
110 111 21.36
111 110 40.06
111 113 16.18
111 112 23.2
111 114 61.02
112 111 12.37
113 111 8.63
113 118 7.21
114 111 39.21
114 145 23.7
114 130 13.55
114 115 15.7
114 116 23.23
115 114 10.09
115 116 21.99
116 114 12.38
116 115 14.13
116 117 15.85
117 110 9.51
117 116 24.67
118 33 30.76
118 34 19.38
118 113 4.63
119 38 70.4
119 55 65.37
119 71 262.21
120 20 30.54
120 121 90.89
120 123 18.15
121 74 59.93
121 94 33.89
121 96 53.27
121 120 48.46
121 126 26.79
122 129 24.23
123 120 34.05
123 124 8.13
124 47 22.57
124 123 15.25
125 46 7.38
125 47 6.07
126 121 50.24
126 128 18.41
127 2 37.63
127 95 72.64
127 129 35.46
127 128 27.61
128 2 80.57
128 126 34.52
128 127 42.98
128 129 14.04
129 47 39.78
129 122 37.7
129 127 66.5
129 128 26.33
130 33 32.93
130 47 358.65
130 114 25.42
130 131 30.07
130 145 10.6
130 144 32.8
131 33 35.9
131 130 56.4
131 135 29.05
132 33 12.7
132 133 9.45
133 53 30.46
133 132 14.71
134 53 26.84
134 137 34.64
135 131 45.2
135 136 50.13
136 135 78.01
136 137 10.18
137 52 17.0
137 134 53.91
137 136 19.1
138 139 27.55
138 140 30.32
139 138 14.69
139 141 11.57
140 44 36.86
140 138 19.48
141 139 7.43
141 142 17.03
141 143 42.98
142 84 27.0
142 109 25.75
142 141 9.08
142 143 26.15
143 41 50.32
143 141 22.92
143 142 13.94
144 130 21.08
145 114 44.45
145 130 19.88
