1 9 20.65
1 11 71.11
2 92 16.68
2 127 42.48
2 128 90.94
3 4 47.38
3 6 17.11
4 3 10.31
4 50 50.26
5 6 39.3
6 3 6.1
6 5 180.62
6 9 25.42
6 7 8.33
7 6 23.37
7 8 6.11
8 7 28.11
8 10 13.94
9 1 4.49
9 6 71.3
10 8 39.12
10 19 9.53
10 20 108.72
11 1 25.35
11 14 8.28
12 17 16.31
12 18 12.3
12 13 22.04
12 32 9.15
13 12 7.86
13 14 33.18
13 31 5.78
14 11 38.07
14 13 7.22
15 36 12.96
15 31 106.92
16 19 5.61
16 20 81.35
16 72 14.89
17 12 5.81
17 18 6.59
18 12 34.49
18 17 18.49
19 10 43.8
19 16 15.75
20 10 108.72
20 16 29.0
20 120 36.51
21 27 50.22
21 53 21.85
21 22 3.24
22 21 9.08
22 26 90.28
23 30 0.12
23 38 25.6
23 24 16.97
24 23 47.61
24 26 30.29
24 55 22.95
25 26 20.71
25 28 12.36
25 77 75.36
26 22 32.19
26 24 10.8
26 25 95.17
26 85 36.74
26 30 9.84
27 21 10.93
27 82 66.49
28 25 34.67
28 82 57.73
29 38 26.33
30 23 0.12
30 26 27.6
31 13 26.56
31 15 38.12
32 12 42.06
32 35 17.62
33 130 16.07
33 131 22.48
33 132 14.33
33 118 15.01
34 118 9.45
34 39 18.48
35 32 49.42
35 61 41.62
36 15 36.35
36 69 23.04
37 38 46.16
37 40 6.72
38 23 117.67
38 29 73.85
38 37 10.04
38 75 16.72
38 119 34.34
39 34 6.59
39 40 36.22
40 37 30.88
40 39 12.91
41 42 5.45
41 143 60.16
41 48 14.83
42 41 25.07
42 47 10.02
43 109 27.28
44 140 44.07
44 109 11.25
45 47 3.98
46 49 12.62
46 125 3.6
47 42 2.18
47 45 1.42
47 129 19.41
47 130 174.96
47 48 16.48
47 124 11.01
47 125 6.85
48 41 5.29
48 47 3.58
48 108 29.39
49 46 35.39
49 50 9.66
50 4 17.92
50 49 27.1
51 59 37.12
52 137 8.29
52 59 36.34
53 21 100.42
53 133 14.86
53 134 13.09
53 71 454.57
53 72 437.09
53 54 19.87
53 56 15.02
54 53 7.08
54 59 49.73
55 24 105.5
55 119 31.89
55 71 436.13
56 53 42.13
56 75 12.47
57 58 48.37
57 59 17.77
57 60 9.75
57 61 248.38
57 80 140.2
58 57 10.52
58 82 81.79
59 51 13.23
59 52 7.91
59 54 17.73
59 57 81.66
59 60 39.77
59 61 329.89
60 57 44.8
60 59 8.65
61 35 116.76
61 57 54.04
61 59 71.77
61 62 24.31
61 70 49.22
61 72 104.32
62 61 68.18
62 63 6.74
63 62 18.91
63 65 16.79
63 64 7.9
64 63 22.17
64 81 9.36
65 63 47.1
65 66 19.94
66 65 55.94
66 99 27.66
67 99 50.43
68 99 9.91
68 88 45.08
69 36 105.9
69 70 20.36
70 61 138.07
70 69 4.43
70 80 33.58
71 53 141.68
71 55 155.48
71 119 127.91
72 16 68.44
72 53 95.1
72 61 22.7
72 73 33.97
72 96 50.15
73 72 7.39
73 74 24.72
74 73 24.72
74 121 67.66
74 97 11.52
75 38 76.85
75 56 57.32
76 98 74.47
76 83 15.35
77 25 16.4
77 98 41.13
77 100 52.88
77 78 13.17
78 77 36.93
78 103 39.54
78 79 7.7
79 78 35.4
79 85 9.19
79 86 9.11
80 57 49.98
80 70 154.36
81 64 43.04
81 82 24.54
82 27 14.47
82 28 20.58
82 58 29.16
82 81 112.79
82 83 16.36
83 76 70.55
83 82 5.83
84 142 30.48
84 87 3.25
85 26 7.99
85 79 42.25
85 86 13.5
86 79 41.86
86 85 4.81
87 84 14.94
87 108 6.54
88 68 16.07
88 89 30.43
88 96 18.64
89 88 6.62
89 94 55.4
89 95 24.2
89 96 4.28
90 91 19.09
90 93 6.29
91 90 4.15
91 92 5.88
92 2 76.65
92 91 27.03
92 93 5.03
92 95 83.65
92 106 12.85
93 90 28.92
93 92 23.11
94 89 19.75
94 121 40.51
95 89 8.63
95 92 29.82
95 127 86.85
96 72 140.67
96 88 6.65
96 89 19.68
96 97 73.56
96 121 63.69
97 74 32.3
97 96 26.22
98 76 26.55
98 77 8.95
98 99 48.37
99 66 9.86
99 67 17.98
99 68 45.56
99 98 10.52
99 101 9.73
99 105 94.13
100 77 11.5
100 101 47.75
100 103 12.07
101 99 27.29
101 100 17.02
102 105 22.69
102 103 14.78
103 78 14.1
103 100 55.49
103 102 67.91
104 105 4.99
104 107 26.75
105 99 33.56
105 102 4.94
105 104 22.95
106 92 36.04
106 107 5.51
107 104 5.82
107 106 25.31
108 48 6.39
108 87 30.08
109 43 5.94
109 44 2.45
109 142 29.06
110 117 4.64
110 111 47.89
111 110 10.42
111 113 4.21
111 112 6.03
111 114 24.55
112 111 27.74
113 111 19.35
113 118 2.9
114 111 68.88
114 145 53.14
114 130 30.39
114 115 6.32
114 116 6.04
115 114 17.72
115 116 8.85
116 114 27.77
116 115 24.82
116 117 27.85
117 110 21.31
117 116 9.93
118 33 68.98
118 34 43.46
118 113 8.14
119 38 157.85
119 55 146.58
119 71 587.94
120 20 7.94
120 121 23.64
120 123 40.71
121 74 24.12
121 94 8.81
121 96 13.86
121 120 108.66
121 126 60.06
122 129 42.56
123 120 8.86
123 124 18.23
124 47 50.6
124 123 3.97
125 46 16.54
125 47 2.44
126 121 13.07
126 128 41.27
127 2 15.14
127 95 18.9
127 129 79.51
127 128 48.51
128 2 32.42
128 126 8.98
128 127 17.29
128 129 31.48
129 47 89.2
129 122 15.17
129 127 17.3
129 128 6.85
130 33 73.84
130 47 804.17
130 114 6.61
130 131 67.43
130 145 23.76
130 144 13.2
131 33 63.07
131 130 14.67
131 135 51.03
132 33 5.11
132 133 16.6
133 53 68.3
133 132 5.92
134 53 60.18
134 137 60.85
135 131 18.19
135 136 88.06
136 135 31.39
136 137 22.83
137 52 38.11
137 134 21.69
137 136 4.97
138 139 7.17
138 140 12.2
139 138 32.94
139 141 4.66
140 44 9.59
140 138 34.22
141 139 13.06
141 142 4.43
141 143 11.18
142 84 10.87
142 109 10.36
142 141 20.36
142 143 6.8
143 41 13.09
143 141 51.39
143 142 31.26
144 130 37.03
145 114 11.56
145 130 5.17
