1 9 8.44
1 11 20.84
2 92 114.05
2 127 12.45
2 128 26.66
3 4 19.36
3 6 25.37
4 3 61.44
4 50 74.54
5 6 234.21
6 3 7.99
6 5 73.79
6 9 33.32
6 7 39.77
7 6 6.85
7 8 36.44
8 7 11.48
8 10 18.28
9 1 26.78
9 6 105.75
10 8 58.02
10 19 65.18
10 20 161.26
11 1 121.02
11 14 56.65
12 17 4.78
12 18 16.12
12 13 32.68
12 32 54.54
13 12 10.3
13 14 13.56
13 31 39.51
14 11 9.76
14 13 43.03
15 36 61.86
15 31 158.59
16 19 7.36
16 20 120.66
16 72 101.84
17 12 27.76
17 18 8.64
18 12 51.16
18 17 27.43
19 10 11.22
19 16 23.36
20 10 31.87
20 16 38.02
20 120 14.92
21 27 12.87
21 53 130.22
21 22 4.24
22 21 13.46
22 26 133.91
23 30 0.18
23 38 152.58
23 24 22.25
24 23 70.61
24 26 44.93
24 55 136.81
25 26 141.61
25 28 16.2
25 77 30.79
26 22 42.19
26 24 14.16
26 25 24.39
26 85 15.01
26 30 46.98
27 21 74.73
27 82 17.04
28 25 51.42
28 82 16.92
29 38 125.69
30 23 0.03
30 26 8.09
31 13 6.8
31 15 49.97
32 12 17.18
32 35 84.11
33 130 95.75
33 131 29.47
33 132 4.2
33 118 102.63
34 118 56.35
34 39 5.42
35 32 14.49
35 61 198.73
36 15 10.65
36 69 157.57
37 38 18.86
37 40 40.04
38 23 48.08
38 29 21.65
38 37 59.86
38 75 99.66
38 119 204.69
39 34 31.45
39 40 53.72
40 37 12.62
40 39 16.93
41 42 32.51
41 143 24.58
41 48 4.35
42 41 10.24
42 47 2.57
43 109 11.15
44 140 18.0
44 109 2.88
45 47 5.9
46 49 16.54
46 125 24.61
47 42 14.91
47 45 1.86
47 129 132.72
47 130 1042.79
47 48 6.73
47 124 65.62
47 125 2.01
48 41 25.25
48 47 21.37
48 108 12.01
49 46 52.49
49 50 12.66
50 4 23.49
50 49 40.19
51 59 55.05
52 137 49.42
52 59 14.85
53 21 41.03
53 133 88.56
53 134 78.03
53 71 116.49
53 72 112.01
53 54 5.82
53 56 71.7
54 53 33.82
54 59 14.58
55 24 43.11
55 119 190.07
55 71 127.83
56 53 12.35
56 75 85.3
57 58 12.4
57 59 121.51
57 60 66.66
57 61 63.65
57 80 41.09
58 57 71.98
58 82 121.31
59 51 17.35
59 52 47.13
59 54 84.64
59 57 20.93
59 60 10.19
59 61 84.54
60 57 11.48
60 59 59.17
61 35 34.22
61 57 369.58
61 59 490.87
61 62 116.05
61 70 64.52
61 72 42.62
62 61 19.99
62 63 32.19
63 62 5.54
63 65 80.17
63 64 37.73
64 63 6.5
64 81 55.82
65 63 13.81
65 66 95.22
66 65 16.4
66 99 41.02
67 99 74.8
68 99 67.8
68 88 66.86
69 36 27.14
69 70 8.32
70 61 204.79
70 69 26.4
70 80 229.68
71 53 676.39
71 55 742.28
71 119 874.83
72 16 17.54
72 53 650.38
72 61 135.27
72 73 13.88
72 96 239.42
73 72 44.05
73 74 36.67
74 73 7.25
74 121 100.35
74 97 54.98
75 38 31.4
75 56 14.69
76 98 110.46
76 83 91.48
77 25 97.72
77 98 10.54
77 100 21.6
77 78 62.86
78 77 10.83
78 103 58.65
78 79 45.91
79 78 14.46
79 85 54.78
79 86 54.28
80 57 238.61
80 70 39.56
81 64 17.59
81 82 167.82
82 27 98.93
82 28 98.26
82 58 38.22
82 81 28.9
82 83 24.26
83 76 28.82
83 82 7.64
84 142 45.21
84 87 22.23
85 26 47.64
85 79 17.26
85 86 3.96
86 79 17.1
86 85 22.98
87 84 3.83
87 108 39.01
88 68 21.06
88 89 7.8
88 96 5.46
89 88 45.28
89 94 16.24
89 95 35.89
89 96 25.52
90 91 4.89
90 93 37.5
91 90 28.41
91 92 40.22
92 2 19.64
92 91 6.93
92 93 29.96
92 95 24.52
92 106 16.84
93 90 11.82
93 92 9.44
94 89 94.29
94 121 16.55
95 89 11.31
95 92 142.37
95 127 35.48
96 72 41.23
96 88 31.73
96 89 8.04
96 97 21.56
96 121 16.32
97 74 9.47
97 96 125.2
98 76 34.8
98 77 61.2
98 99 12.4
99 66 12.92
99 67 23.57
99 68 11.68
99 98 71.98
99 101 46.45
99 105 139.62
100 77 68.57
100 101 14.0
100 103 82.56
101 99 8.0
101 100 81.27
102 105 9.27
102 103 101.05
103 78 18.48
103 100 14.22
103 102 17.4
104 105 34.15
104 107 6.85
105 99 43.99
105 102 29.43
105 104 5.88
106 92 53.46
106 107 37.65
107 104 39.8
107 106 6.48
108 48 38.11
108 87 12.29
109 43 35.37
109 44 16.75
109 142 8.52
110 117 27.64
110 111 19.57
111 110 62.1
111 113 25.09
111 112 35.97
111 114 32.19
112 111 11.33
113 111 7.9
113 118 13.85
114 111 102.16
114 145 13.62
114 130 7.79
114 115 8.28
114 116 41.32
115 114 26.28
115 116 42.25
116 114 7.12
116 115 7.28
116 117 41.31
117 110 8.71
117 116 13.02
118 33 17.68
118 34 17.75
118 113 2.38
119 38 64.49
119 55 59.89
119 71 150.66
120 20 47.35
120 121 161.68
120 123 16.63
121 74 31.62
121 94 52.53
121 96 94.77
121 120 27.84
121 126 24.54
122 129 12.48
123 120 52.79
123 124 7.45
124 47 20.67
124 123 23.64
125 46 4.24
125 47 11.66
126 121 77.88
126 128 16.86
127 2 72.3
127 95 112.62
127 129 20.37
127 128 14.22
128 2 154.79
128 126 53.52
128 127 82.57
128 129 8.07
129 47 22.86
129 122 72.44
129 127 118.3
129 128 46.83
130 33 30.17
130 47 328.56
130 114 45.22
130 131 17.28
130 145 6.09
130 144 17.3
131 33 93.55
131 130 100.33
131 135 75.69
132 33 24.4
132 133 4.87
133 53 27.9
133 132 28.25
134 53 24.59
134 137 17.84
135 131 23.85
135 136 25.81
136 135 149.88
136 137 5.85
137 52 15.57
137 134 103.57
137 136 33.97
138 139 42.72
138 140 58.25
139 138 13.46
139 141 22.23
140 44 57.14
140 138 10.03
141 139 3.83
141 142 26.4
141 143 66.64
142 84 14.24
142 109 49.46
142 141 8.32
142 143 40.54
143 41 78.01
143 141 21.0
143 142 12.77
144 130 54.92
145 114 79.06
145 130 35.36
