1 9 9.21
1 11 49.39
2 92 134.74
2 127 29.51
2 128 63.17
3 4 21.13
3 6 11.88
4 3 83.29
4 50 34.91
5 6 317.51
6 3 30.3
6 5 80.55
6 9 126.31
6 7 41.39
7 6 16.23
7 8 49.41
8 7 12.53
8 10 69.3
9 1 36.3
9 6 49.53
10 8 27.17
10 19 77.0
10 20 75.52
11 1 125.97
11 14 66.93
12 17 11.33
12 18 61.11
12 13 15.31
12 32 73.94
13 12 39.04
13 14 14.8
13 31 46.68
14 11 16.98
14 13 58.33
15 36 64.39
15 31 74.27
16 19 27.9
16 20 56.51
16 72 120.31
17 12 28.89
17 18 32.76
18 12 23.96
18 17 12.85
19 10 19.53
19 16 10.94
20 10 75.52
20 16 144.12
20 120 16.28
21 27 22.4
21 53 176.53
21 22 16.08
22 21 6.3
22 26 62.71
23 30 0.08
23 38 206.85
23 24 84.34
24 23 33.07
24 26 21.04
24 55 185.46
25 26 167.29
25 28 61.41
25 77 33.61
26 22 159.94
26 24 53.66
26 25 42.44
26 85 16.38
26 30 48.9
27 21 88.29
27 82 29.65
28 25 24.08
28 82 40.1
29 38 130.82
30 23 0.08
30 26 19.17
31 13 11.84
31 15 189.42
32 12 18.76
32 35 87.55
33 130 129.81
33 131 111.73
33 132 9.96
33 118 121.25
34 118 76.39
34 39 12.83
35 32 34.33
35 61 206.85
36 15 25.25
36 69 186.16
37 38 20.59
37 40 54.28
38 23 52.48
38 29 51.29
38 37 81.15
38 75 135.1
38 119 277.48
39 34 32.73
39 40 25.16
40 37 13.77
40 39 64.17
41 42 44.06
41 143 26.83
41 48 10.3
42 41 11.18
42 47 4.47
43 109 12.17
44 140 19.65
44 109 5.02
45 47 2.77
46 49 62.69
46 125 29.07
47 42 17.61
47 45 7.05
47 129 156.8
47 130 1413.65
47 48 7.35
47 124 88.96
47 125 4.76
48 41 26.28
48 47 28.96
48 108 13.11
49 46 24.58
49 50 48.01
50 4 89.03
50 49 18.82
51 59 25.78
52 137 66.99
52 59 16.21
53 21 44.79
53 133 120.06
53 134 105.78
53 71 202.73
53 72 194.94
53 54 13.8
53 56 74.63
54 53 35.2
54 59 34.54
55 24 47.05
55 119 257.66
55 71 302.94
56 53 29.26
56 75 100.77
57 58 21.57
57 59 143.55
57 60 78.75
57 61 110.77
57 80 97.38
58 57 85.03
58 82 56.81
59 51 65.75
59 52 63.88
59 54 88.1
59 57 36.42
59 60 17.74
59 61 147.13
60 57 19.98
60 59 69.91
61 35 81.1
61 57 436.62
61 59 579.91
61 62 120.79
61 70 244.6
61 72 46.52
62 61 47.36
62 63 33.5
63 62 13.14
63 65 83.45
63 64 39.27
64 63 15.4
64 81 75.67
65 63 32.72
65 66 99.11
66 65 38.86
66 99 19.21
67 99 35.03
68 99 80.1
68 88 31.31
69 36 47.23
69 70 9.08
70 61 95.91
70 69 35.79
70 80 271.35
71 53 704.04
71 55 772.62
71 119 1033.53
72 16 30.52
72 53 768.36
72 61 183.38
72 73 15.15
72 96 249.21
73 72 59.71
73 74 17.17
74 73 17.17
74 121 46.99
74 97 57.23
75 38 34.27
75 56 25.57
76 98 51.73
76 83 124.02
77 25 132.48
77 98 18.34
77 100 23.58
77 78 65.43
78 77 25.66
78 103 27.47
78 79 62.23
79 78 15.79
79 85 74.26
79 86 73.58
80 57 248.36
80 70 68.84
81 64 19.2
81 82 198.26
82 27 116.88
82 28 102.28
82 58 144.89
82 81 50.3
82 83 11.36
83 76 31.46
83 82 28.98
84 142 21.17
84 87 26.27
85 26 64.58
85 79 18.84
85 86 9.38
86 79 18.67
86 85 23.91
87 84 6.66
87 108 52.88
88 68 79.85
88 89 13.57
88 96 12.95
89 88 53.5
89 94 38.48
89 95 16.81
89 96 34.59
90 91 8.52
90 93 50.84
91 90 33.57
91 92 47.52
92 2 34.18
92 91 12.06
92 93 40.62
92 95 58.1
92 106 63.85
93 90 12.9
93 92 10.31
94 89 98.14
94 121 18.07
95 89 42.87
95 92 148.19
95 127 38.73
96 72 97.71
96 88 33.03
96 89 8.78
96 97 51.09
96 121 28.4
97 74 22.44
97 96 130.31
98 76 131.93
98 77 72.3
98 99 21.57
99 66 49.0
99 67 89.34
99 68 20.32
99 98 85.04
99 101 48.35
99 105 65.39
100 77 92.96
100 101 33.17
100 103 97.54
101 99 18.96
101 100 84.6
102 105 10.12
102 103 119.38
103 78 70.05
103 100 24.75
103 102 30.29
104 105 40.35
104 107 11.93
105 99 166.76
105 102 39.89
105 104 10.24
106 92 25.04
106 107 44.48
107 104 47.02
107 106 11.29
108 48 51.67
108 87 13.42
109 43 47.95
109 44 19.78
109 142 20.19
110 117 37.47
110 111 21.36
111 110 84.19
111 113 34.01
111 112 48.76
111 114 122.02
112 111 12.37
113 111 8.63
113 118 14.41
114 111 47.84
114 145 23.7
114 130 13.55
114 115 31.39
114 116 48.82
115 114 12.31
115 116 43.98
116 114 12.38
116 115 17.24
116 117 19.35
117 110 9.51
117 116 49.34
118 33 30.76
118 34 19.38
118 113 5.65
119 38 70.4
119 55 65.37
119 71 262.21
120 20 64.19
120 121 191.01
120 123 18.15
121 74 119.85
121 94 71.22
121 96 111.96
121 120 48.46
121 126 26.79
122 129 29.56
123 120 71.56
123 124 8.13
124 47 22.57
124 123 32.04
125 46 7.38
125 47 12.14
126 121 105.58
126 128 18.41
127 2 75.25
127 95 152.67
127 129 35.46
127 128 33.7
128 2 161.11
128 126 72.55
128 127 85.94
128 129 14.04
129 47 39.78
129 122 75.4
129 127 139.76
129 128 55.33
130 33 32.93
130 47 358.65
130 114 53.42
130 131 30.07
130 145 10.6
130 144 65.59
131 33 43.81
131 130 118.53
131 135 35.44
132 33 25.39
132 133 11.53
133 53 30.46
133 132 29.41
134 53 26.84
134 137 42.27
135 131 90.4
135 136 61.17
136 135 156.0
136 137 10.18
137 52 17.0
137 134 107.8
137 136 40.13
138 139 57.91
138 140 60.63
139 138 14.69
139 141 23.14
140 44 77.46
140 138 23.77
141 139 9.07
141 142 35.79
141 143 90.33
142 84 53.99
142 109 51.49
142 141 9.08
142 143 54.96
143 41 105.76
143 141 22.92
143 142 13.94
144 130 25.72
145 114 93.41
145 130 41.77
