1 9 6.44
1 11 17.7
2 92 76.65
2 127 10.57
2 128 22.63
3 4 14.77
3 6 17.11
4 3 41.42
4 50 50.26
5 6 157.91
6 3 6.1
6 5 56.29
6 9 25.42
6 7 26.73
7 6 5.81
7 8 24.57
8 7 8.76
8 10 13.94
9 1 18.05
9 6 71.3
10 8 39.12
10 19 43.8
10 20 108.72
11 1 81.33
11 14 38.07
12 17 4.06
12 18 12.3
12 13 22.04
12 32 36.77
13 12 7.86
13 14 10.34
13 31 26.56
14 11 8.28
14 13 29.01
15 36 41.57
15 31 106.92
16 19 5.61
16 20 81.35
16 72 68.44
17 12 18.66
17 18 6.59
18 12 34.49
18 17 18.49
19 10 9.53
19 16 15.75
20 10 27.06
20 16 29.0
20 120 11.38
21 27 10.93
21 53 87.8
21 22 3.24
22 21 9.08
22 26 90.28
23 30 0.12
23 38 102.87
23 24 16.97
24 23 47.61
24 26 30.29
24 55 92.24
25 26 95.17
25 28 12.36
25 77 23.49
26 22 32.19
26 24 10.8
26 25 20.71
26 85 11.45
26 30 31.57
27 21 50.22
27 82 14.47
28 25 34.67
28 82 14.37
29 38 84.47
30 23 0.03
30 26 6.87
31 13 5.78
31 15 38.12
32 12 13.11
32 35 56.53
33 130 64.56
33 131 22.48
33 132 3.57
33 118 68.98
34 118 37.99
34 39 4.6
35 32 12.3
35 61 133.55
36 15 9.04
36 69 105.9
37 38 14.39
37 40 27.0
38 23 36.67
38 29 18.38
38 37 40.36
38 75 67.19
38 119 138.0
39 34 21.13
39 40 36.22
40 37 9.62
40 39 12.91
41 42 21.92
41 143 18.75
41 48 3.69
42 41 7.81
42 47 2.18
43 109 8.5
44 140 13.73
44 109 2.45
45 47 3.98
46 49 12.62
46 125 16.54
47 42 10.02
47 45 1.42
47 129 89.2
47 130 703.06
47 48 5.14
47 124 44.24
47 125 1.71
48 41 16.97
48 47 14.41
48 108 9.16
49 46 35.39
49 50 9.66
50 4 17.92
50 49 27.1
51 59 37.12
52 137 33.32
52 59 11.33
53 21 31.3
53 133 59.71
53 134 52.61
53 71 98.9
53 72 95.1
53 54 4.95
53 56 48.19
54 53 22.73
54 59 12.38
55 24 32.88
55 119 128.14
55 71 108.53
56 53 10.48
56 75 57.32
57 58 10.52
57 59 81.66
57 60 44.8
57 61 54.04
57 80 34.89
58 57 48.37
58 82 81.79
59 51 13.23
59 52 31.77
59 54 56.88
59 57 17.77
59 60 8.65
59 61 71.77
60 57 9.75
60 59 39.77
61 35 29.06
61 57 248.38
61 59 329.89
61 62 77.99
61 70 49.22
61 72 32.51
62 61 16.97
62 63 21.63
63 62 4.71
63 65 53.88
63 64 25.36
64 63 5.52
64 81 37.63
65 63 11.72
65 66 63.99
66 65 13.92
66 99 27.66
67 99 50.43
68 99 45.56
68 88 45.08
69 36 23.04
69 70 6.35
70 61 138.07
70 69 17.8
70 80 154.36
71 53 454.57
71 55 498.86
71 119 587.94
72 16 14.89
72 53 437.09
72 61 91.2
72 73 10.59
72 96 160.91
73 72 29.7
73 74 24.72
74 73 6.15
74 121 67.66
74 97 36.95
75 38 23.95
75 56 12.47
76 98 74.47
76 83 61.68
77 25 65.89
77 98 8.95
77 100 16.48
77 78 42.25
78 77 9.19
78 103 39.54
78 79 30.95
79 78 11.03
79 85 36.93
79 86 36.59
80 57 160.36
80 70 33.58
81 64 13.42
81 82 112.79
82 27 66.49
82 28 66.04
82 58 29.16
82 81 24.54
82 83 16.36
83 76 21.99
83 82 5.83
84 142 30.48
84 87 14.94
85 26 32.12
85 79 13.17
85 86 3.36
86 79 13.05
86 85 15.44
87 84 3.25
87 108 26.3
88 68 16.07
88 89 6.62
88 96 4.64
89 88 30.43
89 94 13.79
89 95 24.2
89 96 17.2
90 91 4.15
90 93 25.28
91 90 19.09
91 92 27.03
92 2 16.68
92 91 5.88
92 93 20.2
92 95 20.82
92 106 12.85
93 90 9.01
93 92 7.2
94 89 63.37
94 121 12.63
95 89 8.63
95 92 95.68
95 127 27.07
96 72 35.01
96 88 21.33
96 89 6.13
96 97 18.31
96 121 13.86
97 74 8.04
97 96 84.14
98 76 26.55
98 77 41.13
98 99 10.52
99 66 9.86
99 67 17.98
99 68 9.91
99 98 48.37
99 101 31.22
99 105 94.13
100 77 46.23
100 101 11.88
100 103 55.49
101 99 6.79
101 100 54.62
102 105 7.07
102 103 67.91
103 78 14.1
103 100 12.07
103 102 14.78
104 105 22.95
104 107 5.82
105 99 33.56
105 102 19.84
105 104 4.99
106 92 36.04
106 107 25.31
107 104 26.75
107 106 5.51
108 48 25.7
108 87 9.38
109 43 23.85
109 44 11.25
109 142 7.23
110 117 18.63
110 111 14.93
111 110 41.87
111 113 16.91
111 112 24.25
111 114 24.55
112 111 8.64
113 111 6.03
113 118 9.31
114 111 68.88
114 145 11.56
114 130 6.61
114 115 6.32
114 116 27.77
115 114 17.72
115 116 28.39
116 114 6.04
116 115 6.18
116 117 27.85
117 110 6.64
117 116 9.93
118 33 15.01
118 34 13.54
118 113 2.02
119 38 49.2
119 55 45.68
119 71 127.91
120 20 31.92
120 121 108.66
120 123 12.69
121 74 24.12
121 94 35.42
121 96 63.69
121 120 23.64
121 126 18.72
122 129 10.59
123 120 35.59
123 124 5.68
124 47 15.77
124 123 15.94
125 46 3.6
125 47 7.84
126 121 52.51
126 128 12.86
127 2 48.59
127 95 75.93
127 129 17.3
127 128 12.07
128 2 104.03
128 126 36.08
128 127 55.49
128 129 6.85
129 47 19.41
129 122 48.68
129 127 79.51
129 128 31.48
130 33 23.01
130 47 250.64
130 114 30.39
130 131 14.67
130 145 5.17
130 144 13.2
131 33 63.07
131 130 67.43
131 135 51.03
132 33 16.4
132 133 4.13
133 53 21.29
133 132 18.99
134 53 18.76
134 137 15.14
135 131 18.19
135 136 21.91
136 135 100.73
136 137 4.97
137 52 11.88
137 134 69.6
137 136 22.83
138 139 28.8
138 140 39.15
139 138 10.27
139 141 14.94
140 44 38.53
140 138 8.52
141 139 3.25
141 142 17.8
141 143 44.93
142 84 10.87
142 109 33.24
142 141 6.35
142 143 27.33
143 41 52.6
143 141 16.02
143 142 9.74
144 130 37.03
145 114 53.14
145 130 23.76
