1 9 31.98
1 11 36.27
2 92 118.71
2 127 21.67
2 128 46.39
3 4 73.38
3 6 34.4
4 3 28.77
4 50 101.05
5 6 109.68
6 3 8.73
6 5 279.74
6 9 36.37
6 7 46.98
7 6 11.92
7 8 17.07
8 7 43.53
8 10 19.95
9 1 12.54
9 6 143.36
10 8 78.65
10 19 67.84
10 20 218.61
11 1 142.98
11 14 58.97
12 17 8.32
12 18 17.6
12 13 44.31
12 32 25.54
13 12 11.24
13 14 51.39
13 31 41.13
14 11 23.12
14 13 20.15
15 36 73.08
15 31 215.0
16 19 8.03
16 20 163.57
16 72 106.0
17 12 32.8
17 18 9.43
18 12 69.36
18 17 37.18
19 10 26.6
19 16 31.67
20 10 55.46
20 16 41.5
20 120 56.55
21 27 30.5
21 53 60.98
21 22 4.63
22 21 18.25
22 26 181.53
23 30 0.24
23 38 71.46
23 24 24.29
24 23 95.72
24 26 60.9
24 55 64.07
25 26 147.39
25 28 17.68
25 77 116.72
26 22 46.06
26 24 15.45
26 25 57.79
26 85 56.9
26 30 55.5
27 21 77.79
27 82 40.38
28 25 69.7
28 82 29.45
29 38 148.49
30 23 0.06
30 26 14.08
31 13 16.13
31 15 54.54
32 12 65.14
32 35 99.37
33 130 44.84
33 131 32.17
33 132 7.31
33 118 106.83
34 118 26.39
34 39 9.43
35 32 25.21
35 61 234.77
36 15 18.54
36 69 164.01
37 38 71.5
37 40 18.75
38 23 182.24
38 29 37.67
38 37 28.03
38 75 46.67
38 119 95.86
39 34 37.15
39 40 72.83
40 37 47.83
40 39 18.48
41 42 15.22
41 143 93.18
41 48 7.57
42 41 38.82
42 47 6.08
43 109 42.25
44 140 68.25
44 109 6.83
45 47 8.0
46 49 18.05
46 125 25.61
47 42 15.52
47 45 2.03
47 129 138.15
47 130 488.34
47 48 25.52
47 124 30.73
47 125 3.5
48 41 29.83
48 47 10.01
48 108 45.52
49 46 71.16
49 50 13.82
50 4 25.64
50 49 54.49
51 59 74.63
52 137 23.14
52 59 56.29
53 21 155.53
53 133 41.47
53 134 36.54
53 71 276.05
53 72 265.43
53 54 10.14
53 56 84.7
54 53 39.96
54 59 25.37
55 24 163.4
55 119 89.01
55 71 222.48
56 53 21.49
56 75 88.78
57 58 29.37
57 59 126.48
57 60 69.38
57 61 150.83
57 80 71.52
58 57 74.92
58 82 164.45
59 51 18.93
59 52 22.07
59 54 99.99
59 57 49.59
59 60 24.15
59 61 200.33
60 57 27.2
60 59 61.59
61 35 59.56
61 57 384.68
61 59 510.93
61 62 137.1
61 70 70.43
61 72 161.56
62 61 34.78
62 63 38.02
63 62 9.65
63 65 94.71
63 64 44.57
64 63 11.31
64 81 26.14
65 63 24.03
65 66 112.49
66 65 28.54
66 99 55.61
67 99 101.4
68 99 70.57
68 88 90.63
69 36 64.31
69 70 31.54
70 61 277.62
70 69 12.36
70 80 239.07
71 53 799.09
71 55 876.93
71 119 910.59
72 16 41.56
72 53 676.97
72 61 63.35
72 73 52.61
72 96 282.85
73 72 20.63
73 74 49.71
74 73 12.61
74 121 136.04
74 97 64.95
75 38 119.03
75 56 34.81
76 98 149.74
76 83 42.84
77 25 45.76
77 98 24.98
77 100 81.9
77 78 74.27
78 77 18.84
78 103 79.51
78 79 21.5
79 78 54.83
79 85 25.65
79 86 25.42
80 57 281.9
80 70 93.74
81 64 66.67
81 82 174.68
82 27 102.98
82 28 116.09
82 58 41.72
82 81 68.49
82 83 32.89
83 76 109.27
83 82 8.34
84 142 61.28
84 87 23.14
85 26 22.31
85 79 65.43
85 86 6.89
86 79 64.83
86 85 27.14
87 84 9.07
87 108 18.27
88 68 22.99
88 89 18.48
88 96 9.51
89 88 47.13
89 94 28.26
89 95 48.66
89 96 11.95
90 91 11.6
90 93 17.56
91 90 29.57
91 92 41.86
92 2 46.55
92 91 16.41
92 93 14.03
92 95 42.67
92 106 18.39
93 90 44.79
93 92 35.79
94 89 111.39
94 121 62.75
95 89 12.35
95 92 168.2
95 127 134.51
96 72 71.76
96 88 37.49
96 89 30.48
96 97 37.52
96 121 38.68
97 74 16.48
97 96 147.91
98 76 37.99
98 77 63.7
98 99 29.38
99 66 14.11
99 67 25.73
99 68 27.67
99 98 74.92
99 101 54.88
99 105 189.28
100 77 32.11
100 101 24.36
100 103 85.93
101 99 13.92
101 100 96.02
102 105 35.15
102 103 105.18
103 78 20.17
103 100 33.69
103 102 41.24
104 105 35.55
104 107 16.24
105 99 48.02
105 102 13.78
105 104 13.94
106 92 72.47
106 107 39.19
107 104 41.43
107 106 15.37
108 48 17.85
108 87 46.59
109 43 16.57
109 44 17.43
109 142 14.83
110 117 12.94
110 111 74.17
111 110 29.08
111 113 11.75
111 112 16.84
111 114 35.14
112 111 42.96
113 111 29.96
113 118 16.36
114 111 138.49
114 145 32.27
114 130 18.45
114 115 9.04
114 116 43.01
115 114 35.63
115 116 49.91
116 114 16.86
116 115 12.66
116 117 56.0
117 110 33.01
117 116 14.21
118 33 41.89
118 34 67.3
118 113 4.15
119 38 244.48
119 55 227.01
119 71 357.03
120 20 22.17
120 121 168.29
120 123 63.05
121 74 34.51
121 94 24.6
121 96 98.64
121 120 65.98
121 126 93.02
122 129 21.71
123 120 24.72
123 124 28.23
124 47 78.37
124 123 11.07
125 46 10.04
125 47 13.78
126 121 36.47
126 128 63.92
127 2 85.41
127 95 52.74
127 129 48.28
127 128 24.75
128 2 182.86
128 126 25.06
128 127 97.54
128 129 19.11
129 47 54.17
129 122 85.58
129 127 123.14
129 128 48.75
130 33 114.36
130 47 1245.49
130 114 47.07
130 131 40.94
130 145 14.43
130 144 18.89
131 33 126.81
131 130 104.43
131 135 102.6
132 33 28.82
132 133 8.47
133 53 105.78
133 132 33.38
134 53 93.2
134 137 31.04
135 131 26.03
135 136 44.92
136 135 177.07
136 137 13.86
137 52 59.02
137 134 122.36
137 136 35.36
138 139 20.0
138 140 68.82
139 138 51.02
139 141 26.26
140 44 26.76
140 138 17.46
141 139 6.66
141 142 12.36
141 143 31.21
142 84 15.55
142 109 58.44
142 141 31.53
142 143 18.99
143 41 36.53
143 141 79.59
143 142 48.42
144 130 74.45
145 114 82.3
145 130 36.8
