1 9 5.29
1 11 33.23
2 92 114.05
2 127 19.85
2 128 42.5
3 4 12.14
3 6 7.99
4 3 70.5
4 50 23.49
5 6 268.76
6 3 25.37
6 5 46.28
6 9 105.75
6 7 34.66
7 6 10.92
7 8 41.82
8 7 7.2
8 10 58.02
9 1 30.73
9 6 33.32
10 8 18.28
10 19 65.18
10 20 50.81
11 1 105.47
11 14 56.65
12 17 7.62
12 18 51.16
12 13 10.3
12 32 62.59
13 12 32.68
13 14 8.5
13 31 39.51
14 11 9.76
14 13 49.37
15 36 53.91
15 31 49.97
16 19 23.36
16 20 38.02
16 72 101.84
17 12 24.19
17 18 27.43
18 12 16.12
18 17 8.64
19 10 11.22
19 16 7.36
20 10 50.81
20 16 120.66
20 120 9.36
21 27 12.87
21 53 149.43
21 22 13.46
22 21 4.24
22 26 42.19
23 30 0.06
23 38 175.09
23 24 70.61
24 23 22.25
24 26 14.16
24 55 156.99
25 26 141.61
25 28 51.42
25 77 19.31
26 22 133.91
26 24 44.93
26 25 24.39
26 85 9.41
26 30 40.94
27 21 74.73
27 82 17.04
28 25 16.2
28 82 26.98
29 38 109.53
30 23 0.06
30 26 12.9
31 13 6.8
31 15 158.59
32 12 10.78
32 35 73.3
33 130 109.87
33 131 93.55
33 132 6.7
33 118 102.63
34 118 64.66
34 39 8.63
35 32 23.09
35 61 173.18
36 15 16.98
36 69 157.57
37 38 11.83
37 40 45.95
38 23 30.15
38 29 34.51
38 37 68.69
38 75 114.35
38 119 234.88
39 34 27.4
39 40 16.93
40 37 7.91
40 39 53.72
41 42 37.3
41 143 15.42
41 48 6.93
42 41 6.42
42 47 2.57
43 109 6.99
44 140 11.29
44 109 2.88
45 47 1.86
46 49 52.49
46 125 24.61
47 42 14.91
47 45 5.9
47 129 132.72
47 130 1196.59
47 48 4.22
47 124 75.3
47 125 3.2
48 41 22.0
48 47 24.52
48 108 7.53
49 46 16.54
49 50 40.19
50 4 74.54
50 49 12.66
51 59 17.35
52 137 56.7
52 59 9.31
53 21 25.73
53 133 101.62
53 134 89.54
53 71 116.49
53 72 112.01
53 54 9.29
53 56 62.48
54 53 29.48
54 59 23.24
55 24 27.04
55 119 218.1
55 71 203.81
56 53 19.69
56 75 85.3
57 58 12.4
57 59 121.51
57 60 66.66
57 61 63.65
57 80 65.52
58 57 71.98
58 82 38.22
59 51 55.05
59 52 54.08
59 54 73.76
59 57 20.93
59 60 10.19
59 61 84.54
60 57 11.48
60 59 59.17
61 35 54.57
61 57 369.58
61 59 490.87
61 62 101.13
61 70 204.79
61 72 26.73
62 61 31.86
62 63 28.05
63 62 8.84
63 65 69.87
63 64 32.88
64 63 10.36
64 81 64.05
65 63 22.01
65 66 82.98
66 65 26.14
66 99 12.92
67 99 23.57
68 99 67.8
68 88 21.06
69 36 27.14
69 70 5.22
70 61 64.52
70 69 30.3
70 80 229.68
71 53 589.46
71 55 646.88
71 119 874.83
72 16 17.54
72 53 650.38
72 61 155.22
72 73 8.7
72 96 208.65
73 72 50.54
73 74 11.55
74 73 11.55
74 121 31.62
74 97 47.91
75 38 19.69
75 56 14.69
76 98 34.8
76 83 104.98
77 25 112.14
77 98 10.54
77 100 13.55
77 78 54.78
78 77 17.26
78 103 18.48
78 79 52.68
79 78 9.07
79 85 62.86
79 86 62.28
80 57 207.94
80 70 39.56
81 64 11.03
81 82 167.82
82 27 98.93
82 28 85.63
82 58 121.31
82 81 28.9
82 83 7.64
83 76 18.08
83 82 24.26
84 142 14.24
84 87 22.23
85 26 54.66
85 79 10.83
85 86 6.31
86 79 10.73
86 85 20.02
87 84 3.83
87 108 44.76
88 68 66.86
88 89 7.8
88 96 8.71
89 88 45.28
89 94 25.89
89 95 11.31
89 96 29.28
90 91 4.89
90 93 43.03
91 90 28.41
91 92 40.22
92 2 19.64
92 91 6.93
92 93 34.38
92 95 39.09
92 106 53.46
93 90 7.41
93 92 5.92
94 89 82.17
94 121 10.38
95 89 35.89
95 92 124.07
95 127 22.26
96 72 65.74
96 88 27.65
96 89 5.04
96 97 34.38
96 121 16.32
97 74 15.1
97 96 109.11
98 76 110.46
98 77 61.2
98 99 12.4
99 66 41.02
99 67 74.8
99 68 11.68
99 98 71.98
99 101 40.48
99 105 43.99
100 77 78.68
100 101 22.32
100 103 82.56
101 99 12.75
101 100 70.83
102 105 5.82
102 103 101.05
103 78 58.65
103 100 14.22
103 102 17.4
104 105 34.15
104 107 6.85
105 99 139.62
105 102 33.77
105 104 5.88
106 92 16.84
106 107 37.65
107 104 39.8
107 106 6.48
108 48 43.73
108 87 7.71
109 43 40.59
109 44 16.75
109 142 13.58
110 117 31.72
110 111 12.27
111 110 71.26
111 113 28.79
111 112 41.27
111 114 102.16
112 111 7.11
113 111 4.96
113 118 12.07
114 111 32.19
114 145 13.62
114 130 7.79
114 115 26.28
114 116 41.32
115 114 8.28
115 116 36.82
116 114 7.12
116 115 11.6
116 117 13.02
117 110 5.46
117 116 41.31
118 33 17.68
118 34 11.14
118 113 3.8
119 38 40.45
119 55 37.56
119 71 150.66
120 20 54.33
120 121 161.68
120 123 10.43
121 74 100.35
121 94 60.28
121 96 94.77
121 120 27.84
121 126 15.39
122 129 19.89
123 120 60.57
123 124 4.67
124 47 12.97
124 123 27.12
125 46 4.24
125 47 10.16
126 121 89.37
126 128 10.58
127 2 63.01
127 95 129.23
127 129 20.37
127 128 22.67
128 2 134.89
128 126 61.41
128 127 71.95
128 129 8.07
129 47 22.86
129 122 63.13
129 127 118.3
129 128 46.83
130 33 18.92
130 47 206.07
130 114 45.22
130 131 17.28
130 145 6.09
130 144 54.92
131 33 29.47
131 130 100.33
131 135 23.85
132 33 21.26
132 133 7.76
133 53 17.5
133 132 24.62
134 53 15.42
134 137 28.44
135 131 75.69
135 136 41.15
136 135 130.61
136 137 5.85
137 52 9.77
137 134 90.26
137 136 33.97
138 139 49.02
138 140 50.76
139 138 8.44
139 141 19.37
140 44 65.57
140 138 15.99
141 139 6.1
141 142 30.29
141 143 76.46
142 84 45.21
142 109 43.11
142 141 5.22
142 143 46.52
143 41 89.52
143 141 13.17
143 142 8.01
144 130 17.3
145 114 79.06
145 130 35.36
