1 9 15.99
1 11 36.27
2 92 59.36
2 127 21.67
2 128 46.39
3 4 36.7
3 6 16.37
4 3 23.58
4 50 48.08
5 6 89.89
6 3 8.73
6 5 139.89
6 9 36.37
6 7 22.35
7 6 11.92
7 8 13.99
8 7 21.77
8 10 19.95
9 1 10.28
9 6 68.22
10 8 37.42
10 19 33.92
10 20 104.02
11 1 68.03
11 14 29.49
12 17 8.32
12 18 17.6
12 13 21.08
12 32 20.93
13 12 11.24
13 14 25.7
13 31 20.57
14 11 18.95
14 13 16.51
15 36 34.77
15 31 102.3
16 19 8.03
16 20 77.83
16 72 53.01
17 12 15.6
17 18 9.43
18 12 33.0
18 17 17.69
19 10 21.8
19 16 15.07
20 10 55.46
20 16 41.5
20 120 28.28
21 27 24.99
21 53 49.98
21 22 4.63
22 21 8.68
22 26 86.38
23 30 0.11
23 38 58.56
23 24 24.29
24 23 45.55
24 26 28.98
24 55 52.51
25 26 73.71
25 28 17.68
25 77 58.37
26 22 46.06
26 24 15.45
26 25 47.36
26 85 28.45
26 30 26.41
27 21 38.9
27 82 33.09
28 25 33.17
28 82 29.45
29 38 70.65
30 23 0.06
30 26 14.08
31 13 13.22
31 15 54.54
32 12 32.58
32 35 47.28
33 130 36.75
33 131 32.17
33 132 7.31
33 118 53.42
34 118 21.63
34 39 9.43
35 32 25.21
35 61 111.71
36 15 18.54
36 69 82.02
37 38 35.75
37 40 15.37
38 23 91.13
38 29 37.67
38 37 22.97
38 75 38.25
38 119 78.56
39 34 17.68
39 40 34.65
40 37 23.92
40 39 18.48
41 42 12.47
41 143 46.59
41 48 7.57
42 41 19.41
42 47 4.99
43 109 21.13
44 140 34.13
44 109 5.6
45 47 3.81
46 49 18.05
46 125 12.81
47 42 7.76
47 45 2.03
47 129 69.08
47 130 400.2
47 48 12.76
47 124 25.18
47 125 3.5
48 41 14.19
48 47 8.2
48 108 22.76
49 46 33.86
49 50 13.82
50 4 25.64
50 49 25.93
51 59 35.51
52 137 18.96
52 59 28.15
53 21 77.78
53 133 33.99
53 134 29.95
53 71 226.22
53 72 217.52
53 54 10.14
53 56 40.3
54 53 19.01
54 59 25.37
55 24 81.71
55 119 72.94
55 71 222.48
56 53 21.49
56 75 44.4
57 58 24.07
57 59 63.25
57 60 34.7
57 61 123.61
57 80 71.52
58 57 37.46
58 82 78.25
59 51 18.93
59 52 18.09
59 54 47.58
59 57 40.64
59 60 19.79
59 61 164.17
60 57 22.29
60 59 30.8
61 35 59.56
61 57 192.37
61 59 255.5
61 62 65.23
61 70 70.43
61 72 80.79
62 61 34.78
62 63 18.09
63 62 9.65
63 65 45.07
63 64 21.21
64 63 11.31
64 81 21.42
65 63 24.03
65 66 53.53
66 65 28.54
66 99 26.46
67 99 48.25
68 99 35.29
68 88 43.13
69 36 52.7
69 70 15.77
70 61 132.1
70 69 10.13
70 80 119.55
71 53 380.23
71 55 417.27
71 119 455.35
72 16 34.06
72 53 338.53
72 61 51.91
72 73 26.31
72 96 134.59
73 72 16.9
73 74 23.65
74 73 12.61
74 121 64.73
74 97 30.91
75 38 59.52
75 56 28.53
76 98 71.25
76 83 35.11
77 25 37.5
77 98 20.47
77 100 40.95
77 78 35.34
78 77 18.84
78 103 37.83
78 79 17.62
79 78 27.42
79 85 21.02
79 86 20.83
80 57 134.13
80 70 76.82
81 64 33.34
81 82 87.35
82 27 51.5
82 28 55.24
82 58 41.72
82 81 56.13
82 83 15.65
83 76 54.64
83 82 8.34
84 142 29.16
84 87 11.57
85 26 18.28
85 79 32.72
85 86 6.89
86 79 32.42
86 85 12.92
87 84 7.44
87 108 14.97
88 68 22.99
88 89 15.15
88 96 9.51
89 88 23.57
89 94 28.26
89 95 23.15
89 96 9.79
90 91 9.5
90 93 14.39
91 90 14.79
91 92 20.94
92 2 38.14
92 91 13.45
92 93 11.5
92 95 42.67
92 106 18.39
93 90 22.4
93 92 17.9
94 89 53.0
94 121 31.38
95 89 12.35
95 92 80.03
95 127 67.26
96 72 71.76
96 88 17.84
96 89 15.24
96 97 37.52
96 121 31.7
97 74 16.48
97 96 70.38
98 76 37.99
98 77 31.86
98 99 24.07
99 66 14.11
99 67 25.73
99 68 22.68
99 98 37.46
99 101 26.11
99 105 90.06
100 77 26.32
100 101 24.36
100 103 42.97
101 99 13.92
101 100 45.69
102 105 17.58
102 103 52.6
103 78 20.17
103 100 27.61
103 102 33.8
104 105 17.78
104 107 13.31
105 99 48.02
105 102 11.29
105 104 11.42
106 92 34.48
106 107 19.6
107 104 20.72
107 106 12.59
108 48 14.63
108 87 23.3
109 43 13.58
109 44 8.72
109 142 14.83
110 117 10.61
110 111 37.09
111 110 23.83
111 113 9.63
111 112 13.8
111 114 35.14
112 111 21.48
113 111 14.98
113 118 7.78
114 111 65.9
114 145 26.44
114 130 15.12
114 115 9.04
114 116 21.51
115 114 16.95
115 116 23.75
116 114 13.82
116 115 12.66
116 117 26.65
117 110 16.51
117 116 14.21
118 33 34.33
118 34 33.66
118 113 4.15
119 38 122.25
119 55 113.52
119 71 292.59
120 20 18.17
120 121 84.16
120 123 31.53
121 74 34.51
121 94 20.16
121 96 49.33
121 120 54.08
121 126 46.52
122 129 21.71
123 120 20.26
123 124 14.12
124 47 39.19
124 123 9.07
125 46 8.23
125 47 6.56
126 121 29.89
126 128 31.97
127 2 40.64
127 95 43.22
127 129 39.57
127 128 24.75
128 2 87.01
128 126 20.54
128 127 46.41
128 129 15.66
129 47 44.39
129 122 40.72
129 127 61.58
129 128 24.38
130 33 57.19
130 47 622.82
130 114 23.54
130 131 33.55
130 145 11.83
130 144 18.89
131 33 60.34
131 130 52.22
131 135 48.82
132 33 13.71
132 133 8.47
133 53 52.9
133 132 15.88
134 53 46.61
134 137 31.04
135 131 26.03
135 136 44.92
136 135 84.25
136 137 11.36
137 52 29.51
137 134 58.22
137 136 17.68
138 139 16.39
138 140 32.74
139 138 25.51
139 141 12.5
140 44 21.93
140 138 17.46
141 139 6.66
141 142 10.13
141 143 25.57
142 84 15.55
142 109 27.81
142 141 15.77
142 143 15.56
143 41 29.94
143 141 39.8
143 142 24.21
144 130 35.43
145 114 41.15
145 130 18.4
