1 9 30.73
1 11 33.23
2 92 31.32
2 127 19.85
2 128 42.5
3 4 70.5
3 6 29.11
4 3 12.14
4 50 85.54
5 6 46.28
6 3 5.01
6 5 268.76
6 9 20.9
6 7 34.66
7 6 10.92
7 8 7.2
8 7 41.82
8 10 11.47
9 1 5.29
9 6 121.35
10 8 66.57
10 19 17.9
10 20 185.04
11 1 105.47
11 14 15.56
12 17 7.62
12 18 10.11
12 13 37.5
12 32 10.78
13 12 6.46
13 14 49.37
13 31 10.85
14 11 49.37
14 13 8.5
15 36 53.91
15 31 181.98
16 19 4.62
16 20 138.46
16 72 27.96
17 12 24.19
17 18 5.42
18 12 58.71
18 17 31.47
19 10 56.8
19 16 26.81
20 10 50.81
20 16 23.84
20 120 54.33
21 27 65.13
21 53 25.73
21 22 2.66
22 21 15.45
22 26 153.66
23 30 0.2
23 38 30.15
23 24 13.95
24 23 81.03
24 26 51.55
24 55 27.04
25 26 38.88
25 28 10.16
25 77 112.14
26 22 26.46
26 24 8.88
26 25 123.41
26 85 54.66
26 30 40.94
27 21 20.52
27 82 86.22
28 25 59.0
28 82 26.98
29 38 109.53
30 23 0.06
30 26 12.9
31 13 34.43
31 15 31.34
32 12 62.59
32 35 73.3
33 130 18.92
33 131 18.49
33 132 6.7
33 118 28.18
34 118 11.14
34 39 8.63
35 32 23.09
35 61 173.18
36 15 16.98
36 69 43.27
37 38 68.69
37 40 7.91
38 23 175.09
38 29 34.51
38 37 11.83
38 75 19.69
38 119 40.45
39 34 27.4
39 40 61.65
40 37 45.95
40 39 10.62
41 42 6.42
41 143 89.52
41 48 6.93
42 41 37.3
42 47 12.99
43 109 40.59
44 140 65.57
44 109 14.59
45 47 6.78
46 49 10.37
46 125 6.76
47 42 4.09
47 45 1.17
47 129 36.44
47 130 206.07
47 48 24.52
47 124 12.97
47 125 3.2
48 41 22.0
48 47 4.22
48 108 43.73
49 46 60.23
49 50 7.94
50 4 14.73
50 49 46.12
51 59 63.17
52 137 9.77
52 59 54.08
53 21 149.43
53 133 17.5
53 134 15.42
53 71 589.46
53 72 566.79
53 54 9.29
53 56 62.48
54 53 29.48
54 59 23.24
55 24 156.99
55 119 37.56
55 71 203.81
56 53 19.69
56 75 23.42
57 58 62.73
57 59 33.36
57 60 18.3
57 61 322.08
57 80 65.52
58 57 19.76
58 82 139.2
59 51 10.88
59 52 9.31
59 54 73.76
59 57 105.89
59 60 51.57
59 61 427.78
60 57 58.09
60 59 16.25
61 35 54.57
61 57 101.48
61 59 134.78
61 62 101.13
61 70 40.47
61 72 155.22
62 61 31.86
62 63 28.05
63 62 8.84
63 65 69.87
63 64 32.88
64 63 10.36
64 81 11.03
65 63 22.01
65 66 82.98
66 65 26.14
66 99 47.07
67 99 85.83
68 99 18.62
68 88 76.72
69 36 137.32
69 70 30.3
70 61 235.0
70 69 5.22
70 80 63.07
71 53 589.46
71 55 646.88
71 119 240.21
72 16 88.75
72 53 178.58
72 61 26.73
72 73 50.54
72 96 208.65
73 72 8.7
73 74 42.08
74 73 11.55
74 121 115.15
74 97 47.91
75 38 114.35
75 56 74.33
76 98 126.75
76 83 18.08
77 25 19.31
77 98 53.34
77 100 78.68
77 78 54.78
78 77 17.26
78 103 67.3
78 79 9.07
79 78 52.68
79 85 10.83
79 86 10.73
80 57 207.94
80 70 200.16
81 64 64.05
81 82 46.08
82 27 27.16
82 28 85.63
82 58 23.97
82 81 146.25
82 83 27.84
83 76 104.98
83 82 4.79
84 142 51.87
84 87 6.11
85 26 9.41
85 79 62.86
85 86 6.31
86 79 62.28
86 85 20.02
87 84 19.38
87 108 7.71
88 68 13.21
88 89 39.46
88 96 8.71
89 88 12.43
89 94 25.89
89 95 41.19
89 96 5.04
90 91 24.76
90 93 7.41
91 90 7.8
91 92 11.04
92 2 99.39
92 91 35.05
92 93 5.92
92 95 39.09
92 106 10.56
93 90 43.03
93 92 34.38
94 89 82.17
94 121 60.28
95 89 7.09
95 92 124.07
95 127 129.23
96 72 65.74
96 88 27.65
96 89 29.28
96 97 34.38
96 121 82.59
97 74 15.1
97 96 109.11
98 76 21.83
98 77 16.8
98 99 62.73
99 66 8.11
99 67 14.78
99 68 59.08
99 98 19.76
99 101 40.48
99 105 160.21
100 77 13.55
100 101 22.32
100 103 22.67
101 99 12.75
101 100 70.83
102 105 33.77
102 103 27.75
103 78 11.59
103 100 71.95
103 102 88.07
104 105 9.38
104 107 34.68
105 99 27.59
105 102 5.82
105 104 29.76
106 92 61.34
106 107 10.34
107 104 10.93
107 106 32.81
108 48 7.53
108 87 44.76
109 43 6.99
109 44 4.6
109 142 13.58
110 117 5.46
110 111 71.26
111 110 12.27
111 113 4.96
111 112 7.11
111 114 20.19
112 111 41.27
113 111 28.79
113 118 12.07
114 111 117.23
114 145 68.9
114 130 39.41
114 115 5.19
114 116 11.35
115 114 30.16
115 116 36.82
116 114 36.01
116 115 11.6
116 117 47.4
117 110 31.72
117 116 8.16
118 33 89.44
118 34 64.66
118 113 3.8
119 38 234.88
119 55 218.1
119 71 762.4
120 20 9.36
120 121 44.39
120 123 60.57
121 74 19.83
121 94 10.38
121 96 26.02
121 120 140.9
121 126 89.37
122 129 19.89
123 120 10.43
123 124 27.12
124 47 75.3
124 123 4.67
125 46 21.44
125 47 10.16
126 121 15.39
126 128 61.41
127 2 63.01
127 95 22.26
127 129 103.1
127 128 22.67
128 2 134.89
128 126 10.58
128 127 71.95
128 129 40.81
129 47 115.66
129 122 63.13
129 127 32.48
129 128 12.86
130 33 109.87
130 47 1196.59
130 114 12.42
130 131 87.43
130 145 30.81
130 144 10.85
131 33 107.34
131 130 27.55
131 135 86.85
132 33 21.26
132 133 7.76
133 53 101.62
133 132 24.62
134 53 89.54
134 137 28.44
135 131 14.96
135 136 41.15
136 135 130.61
136 137 29.6
137 52 56.7
137 134 90.26
137 136 9.33
138 139 8.44
138 140 50.76
139 138 49.02
139 141 19.37
140 44 11.29
140 138 15.99
141 139 6.1
141 142 5.22
141 143 13.17
142 84 8.93
142 109 43.11
142 141 30.29
142 143 8.01
143 41 15.42
143 141 76.46
143 142 46.52
144 130 63.02
145 114 21.71
145 130 9.71
