1 9 25.35
1 11 41.11
2 92 38.74
2 127 24.56
2 128 52.58
3 4 58.17
3 6 24.02
4 3 19.13
4 50 70.57
5 6 72.91
6 3 7.9
6 5 221.73
6 9 32.92
6 7 29.23
7 6 13.51
7 8 11.34
8 7 34.5
8 10 18.06
9 1 8.33
9 6 100.12
10 8 54.93
10 19 22.14
10 20 152.67
11 1 88.94
11 14 19.24
12 17 9.43
12 18 15.93
12 13 30.94
12 32 16.98
13 12 10.17
13 14 40.73
13 31 13.42
14 11 41.64
14 13 13.39
15 36 45.46
15 31 150.14
16 19 7.27
16 20 114.23
16 72 34.59
17 12 20.4
17 18 8.54
18 12 48.44
18 17 25.97
19 10 47.9
19 16 22.12
20 10 62.85
20 16 37.56
20 120 44.82
21 27 54.92
21 53 40.54
21 22 4.19
22 21 12.74
22 26 126.77
23 30 0.17
23 38 47.5
23 24 21.98
24 23 66.85
24 26 42.53
24 55 42.59
25 26 48.1
25 28 16.01
25 77 92.51
26 22 41.68
26 24 13.98
26 25 104.07
26 85 45.1
26 30 34.52
27 21 25.38
27 82 72.71
28 25 48.68
28 82 33.38
29 38 92.37
30 23 0.07
30 26 15.96
31 13 29.04
31 15 49.37
32 12 51.64
32 35 61.81
33 130 29.81
33 131 29.12
33 132 8.29
33 118 34.86
34 118 17.54
34 39 10.68
35 32 28.57
35 61 146.05
36 15 21.01
36 69 53.52
37 38 56.67
37 40 12.46
38 23 144.45
38 29 42.69
38 37 18.63
38 75 31.02
38 119 63.72
39 34 23.11
39 40 50.86
40 37 37.91
40 39 16.72
41 42 10.12
41 143 73.86
41 48 8.58
42 41 30.77
42 47 10.96
43 109 33.49
44 140 54.1
44 109 12.31
45 47 5.59
46 49 16.34
46 125 8.36
47 42 5.06
47 45 1.84
47 129 45.08
47 130 324.61
47 48 20.23
47 124 20.43
47 125 3.96
48 41 18.56
48 47 6.65
48 108 36.08
49 46 49.69
49 50 12.51
50 4 23.2
50 49 38.05
51 59 52.12
52 137 15.38
52 59 44.61
53 21 123.28
53 133 27.57
53 134 24.29
53 71 497.09
53 72 477.98
53 54 11.49
53 56 52.69
54 53 24.86
54 59 28.75
55 24 129.52
55 119 59.17
55 71 252.13
56 53 24.35
56 75 28.97
57 58 52.9
57 59 41.27
57 60 22.64
57 61 271.61
57 80 81.05
58 57 24.45
58 82 114.84
59 51 17.14
59 52 14.67
59 54 62.2
59 57 89.3
59 60 43.49
59 61 360.75
60 57 48.99
60 59 20.1
61 35 67.5
61 57 125.53
61 59 166.73
61 62 85.28
61 70 63.75
61 72 128.06
62 61 39.42
62 63 23.65
63 62 10.93
63 65 58.92
63 64 27.73
64 63 12.81
64 81 17.37
65 63 27.23
65 66 69.98
66 65 32.34
66 99 38.84
67 99 70.81
68 99 23.03
68 88 63.29
69 36 115.8
69 70 25.0
70 61 193.88
70 69 8.22
70 80 78.02
71 53 497.09
71 55 545.52
71 119 297.15
72 16 74.84
72 53 220.91
72 61 42.11
72 73 41.7
72 96 175.95
73 72 13.71
73 74 34.71
74 73 14.29
74 121 95.0
74 97 40.41
75 38 94.35
75 56 62.68
76 98 104.57
76 83 28.48
77 25 30.42
77 98 44.98
77 100 64.92
77 78 46.2
78 77 21.35
78 103 55.53
78 79 14.29
79 78 43.46
79 85 17.05
79 86 16.9
80 57 175.36
80 70 168.8
81 64 52.84
81 82 57.0
82 27 33.6
82 28 72.21
82 58 37.76
82 81 123.33
82 83 22.97
83 76 86.61
83 82 7.55
84 142 42.8
84 87 7.55
85 26 14.83
85 79 51.86
85 86 7.8
86 79 51.38
86 85 16.88
87 84 16.34
87 108 12.14
88 68 20.81
88 89 33.28
88 96 10.78
89 88 15.38
89 94 32.03
89 95 33.98
89 96 7.94
90 91 20.88
90 93 11.67
91 90 9.65
91 92 13.66
92 2 83.82
92 91 29.56
92 93 9.33
92 95 48.36
92 106 16.64
93 90 35.5
93 92 28.37
94 89 69.29
94 121 49.73
95 89 11.17
95 92 104.63
95 127 106.62
96 72 81.32
96 88 23.32
96 89 24.16
96 97 42.53
96 121 69.65
97 74 18.67
97 96 92.01
98 76 34.38
98 77 20.79
98 99 52.9
99 66 12.77
99 67 23.28
99 68 49.83
99 98 24.45
99 101 34.14
99 105 132.18
100 77 21.34
100 101 27.61
100 103 28.04
101 99 15.78
101 100 59.73
102 105 27.86
102 103 34.32
103 78 18.26
103 100 60.67
103 102 74.27
104 105 11.6
104 107 29.25
105 99 43.46
105 102 9.16
105 104 25.1
106 92 50.61
106 107 12.79
107 104 13.52
107 106 27.67
108 48 11.86
108 87 36.93
109 43 11.01
109 44 5.69
109 142 16.8
110 117 8.6
110 111 58.79
111 110 19.33
111 113 7.81
111 112 11.2
111 114 31.8
112 111 34.05
113 111 23.75
113 118 10.18
114 111 96.72
114 145 58.11
114 130 33.23
114 115 8.18
114 116 14.04
115 114 24.88
115 116 31.05
116 114 30.37
116 115 14.35
116 117 39.11
117 110 26.17
117 116 12.86
118 33 75.43
118 34 53.35
118 113 4.7
119 38 193.78
119 55 179.94
119 71 642.93
120 20 14.74
120 121 54.92
120 123 49.97
121 74 31.24
121 94 16.35
121 96 32.19
121 120 118.82
121 126 73.73
122 129 24.6
123 120 16.43
123 124 22.38
124 47 62.12
124 123 7.36
125 46 18.08
125 47 8.57
126 121 24.24
126 128 50.67
127 2 53.13
127 95 35.06
127 129 86.94
127 128 28.04
128 2 113.75
128 126 16.66
128 127 60.68
128 129 34.42
129 47 97.54
129 122 53.24
129 127 40.18
129 128 15.91
130 33 90.65
130 47 987.22
130 114 15.36
130 131 73.73
130 145 25.98
130 144 17.1
131 33 88.56
131 130 34.08
131 135 71.65
132 33 17.93
132 133 9.6
133 53 83.84
133 132 20.76
134 53 73.87
134 137 35.18
135 131 23.56
135 136 50.91
136 135 110.15
136 137 24.96
137 52 46.78
137 134 76.11
137 136 11.54
138 139 13.3
138 140 42.81
139 138 40.44
139 141 16.34
140 44 17.79
140 138 19.79
141 139 7.55
141 142 8.22
141 143 20.74
142 84 14.07
142 109 36.35
142 141 24.99
142 143 12.62
143 41 24.28
143 141 63.09
143 142 38.38
144 130 51.99
145 114 26.86
145 130 12.01
