1 9 17.27
1 11 40.48
2 92 38.14
2 127 24.18
2 128 51.77
3 4 39.63
3 6 16.37
4 3 21.13
4 50 48.08
5 6 80.55
6 3 8.73
6 5 151.08
6 9 36.37
6 7 20.7
7 6 13.3
7 8 12.53
8 7 23.51
8 10 19.95
9 1 9.21
9 6 68.22
10 8 37.42
10 19 21.8
10 20 104.02
11 1 62.99
11 14 18.95
12 17 9.28
12 18 17.6
12 13 21.08
12 32 18.76
13 12 11.24
13 14 27.75
13 31 13.22
14 11 29.49
14 13 14.8
15 36 32.2
15 31 102.3
16 19 8.03
16 20 77.83
16 72 34.06
17 12 14.45
17 18 9.43
18 12 33.0
18 17 17.69
19 10 33.92
19 16 15.07
20 10 61.89
20 16 41.5
20 120 30.54
21 27 38.9
21 53 44.79
21 22 4.63
22 21 8.68
22 26 86.38
23 30 0.11
23 38 52.48
23 24 24.29
24 23 45.55
24 26 28.98
24 55 47.05
25 26 47.36
25 28 17.68
25 77 63.04
26 22 46.06
26 24 15.45
26 25 73.71
26 85 30.73
26 30 24.45
27 21 24.99
27 82 51.5
28 25 33.17
28 82 32.86
29 38 65.42
30 23 0.07
30 26 15.71
31 13 20.57
31 15 54.54
32 12 35.18
32 35 43.78
33 130 32.93
33 131 32.17
33 132 8.16
33 118 34.33
34 118 19.38
34 39 10.52
35 32 28.13
35 61 103.44
36 15 20.69
36 69 52.7
37 38 38.61
37 40 13.77
38 23 98.42
38 29 42.04
38 37 20.59
38 75 34.27
38 119 70.4
39 34 16.37
39 40 34.65
40 37 25.83
40 39 18.48
41 42 11.18
41 143 50.32
41 48 8.44
42 41 20.97
42 47 7.76
43 109 22.82
44 140 36.86
44 109 8.72
45 47 3.81
46 49 18.05
46 125 8.23
47 42 4.99
47 45 2.03
47 129 44.39
47 130 358.65
47 48 13.78
47 124 22.57
47 125 3.9
48 41 13.14
48 47 7.35
48 108 24.58
49 46 33.86
49 50 13.82
50 4 25.64
50 49 25.93
51 59 35.51
52 137 17.0
52 59 30.4
53 21 84.0
53 133 30.46
53 134 26.84
53 71 352.06
53 72 338.53
53 54 11.31
53 56 37.32
54 53 17.6
54 59 28.31
55 24 88.25
55 119 65.37
55 71 248.26
56 53 23.98
56 75 28.53
57 58 37.46
57 59 40.64
57 60 22.29
57 61 192.37
57 80 79.81
58 57 24.07
58 82 78.25
59 51 18.93
59 52 16.21
59 54 44.06
59 57 63.25
59 60 30.8
59 61 255.5
60 57 34.7
60 59 19.79
61 35 66.46
61 57 123.61
61 59 164.17
61 62 60.4
61 70 70.43
61 72 87.26
62 61 38.81
62 63 16.75
63 62 10.76
63 65 41.73
63 64 19.64
64 63 12.62
64 81 19.2
65 63 26.81
65 66 49.56
66 65 31.85
66 99 26.46
67 99 48.25
68 99 22.68
68 88 43.13
69 36 82.02
69 70 17.03
70 61 132.1
70 69 9.08
70 80 76.82
71 53 352.06
71 55 386.36
71 119 292.59
72 16 53.01
72 53 217.52
72 61 46.52
72 73 28.41
72 96 124.62
73 72 15.15
73 74 23.65
74 73 14.07
74 121 64.73
74 97 28.62
75 38 64.28
75 56 44.4
76 98 71.25
76 83 31.46
77 25 33.61
77 98 31.86
77 100 44.23
77 78 32.72
78 77 21.02
78 103 37.83
78 79 15.79
79 78 29.61
79 85 18.84
79 86 18.67
80 57 124.2
80 70 119.55
81 64 36.0
81 82 56.13
82 27 33.09
82 28 51.15
82 58 41.72
82 81 87.35
82 83 15.65
83 76 59.01
83 82 8.34
84 142 29.16
84 87 7.44
85 26 16.38
85 79 35.34
85 86 7.68
86 79 35.01
86 85 11.96
87 84 11.57
87 108 13.42
88 68 22.99
88 89 23.57
88 96 10.61
89 88 15.15
89 94 31.54
89 95 23.15
89 96 8.78
90 91 14.79
90 93 12.9
91 90 9.5
91 92 13.45
92 2 59.36
92 91 20.94
92 93 10.31
92 95 47.62
92 106 18.39
93 90 24.19
93 92 19.33
94 89 49.08
94 121 33.89
95 89 12.35
95 92 74.1
95 127 72.64
96 72 80.08
96 88 16.52
96 89 16.46
96 97 41.87
96 121 49.33
97 74 18.39
97 96 65.17
98 76 37.99
98 77 20.47
98 99 37.46
99 66 14.11
99 67 25.73
99 68 35.29
99 98 24.07
99 101 24.18
99 105 90.06
100 77 23.58
100 101 27.18
100 103 27.61
101 99 15.54
101 100 42.3
102 105 18.98
102 103 33.8
103 78 20.17
103 100 42.97
103 102 52.6
104 105 11.42
104 107 20.72
105 99 48.02
105 102 10.12
105 104 17.78
106 92 34.48
106 107 12.59
107 104 13.31
107 106 19.6
108 48 13.11
108 87 25.16
109 43 12.17
109 44 5.6
109 142 16.54
110 117 9.51
110 111 40.06
111 110 21.36
111 113 8.63
111 112 12.37
111 114 35.14
112 111 23.2
113 111 16.18
113 118 7.21
114 111 65.9
114 145 41.15
114 130 23.54
114 115 9.04
114 116 13.82
115 114 16.95
115 116 21.99
116 114 21.51
116 115 14.13
116 117 26.65
117 110 17.83
117 116 14.21
118 33 53.42
118 34 36.35
118 113 4.63
119 38 132.03
119 55 122.6
119 71 455.35
120 20 16.28
120 121 54.08
120 123 34.05
121 74 34.51
121 94 18.07
121 96 31.7
121 120 84.16
121 126 50.24
122 129 24.23
123 120 18.15
123 124 15.25
124 47 42.33
124 123 8.13
125 46 12.81
125 47 6.07
126 121 26.79
126 128 34.52
127 2 37.63
127 95 38.73
127 129 61.58
127 128 27.61
128 2 80.57
128 126 18.41
128 127 42.98
128 129 24.38
129 47 69.08
129 122 37.7
129 127 39.57
129 128 15.66
130 33 61.77
130 47 672.65
130 114 15.12
130 131 52.22
130 145 18.4
130 144 18.89
131 33 60.34
131 130 33.55
131 135 48.82
132 33 12.7
132 133 9.45
133 53 57.13
133 132 14.71
134 53 50.33
134 137 34.64
135 131 26.03
135 136 50.13
136 135 78.01
136 137 17.68
137 52 31.88
137 134 53.91
137 136 11.36
138 139 14.69
138 140 30.32
139 138 27.55
139 141 11.57
140 44 19.65
140 138 19.48
141 139 7.43
141 142 9.08
141 143 22.92
142 84 15.55
142 109 25.75
142 141 17.03
142 143 13.94
143 41 26.83
143 141 42.98
143 142 26.15
144 130 35.43
145 114 26.44
145 130 11.83
