1 9 10.44
1 11 32.83
2 92 94.09
2 127 19.61
2 128 41.99
3 4 23.95
3 6 21.4
4 3 51.81
4 50 62.86
5 6 197.51
6 3 9.89
6 5 91.29
6 9 41.22
6 7 32.81
7 6 10.79
7 8 30.73
8 7 14.2
8 10 22.61
9 1 22.58
9 6 89.18
10 8 48.93
10 19 53.77
10 20 135.99
11 1 99.85
11 14 46.74
12 17 7.53
12 18 19.94
12 13 27.56
12 32 46.0
13 12 12.74
13 14 16.77
13 31 32.6
14 11 15.37
14 13 36.28
15 36 51.04
15 31 133.74
16 19 9.11
16 20 101.75
16 72 84.02
17 12 22.9
17 18 10.69
18 12 43.15
18 17 23.13
19 10 17.68
19 16 19.7
20 10 50.2
20 16 47.03
20 120 18.45
21 27 20.27
21 53 109.82
21 22 5.25
22 21 11.35
22 26 112.93
23 30 0.15
23 38 128.67
23 24 27.52
24 23 59.55
24 26 37.89
24 55 115.37
25 26 116.83
25 28 20.04
25 77 38.09
26 22 52.19
26 24 17.51
26 25 38.41
26 85 18.57
26 30 38.76
27 21 61.66
27 82 26.84
28 25 43.36
28 82 26.66
29 38 103.7
30 23 0.05
30 26 12.74
31 13 10.72
31 15 61.81
32 12 21.26
32 35 69.39
33 130 80.75
33 131 36.46
33 132 6.62
33 118 84.68
34 118 47.52
34 39 8.53
35 32 22.82
35 61 163.95
36 15 16.78
36 69 130.0
37 38 23.33
37 40 33.77
38 23 59.47
38 29 34.1
38 37 50.48
38 75 84.04
38 119 172.61
39 34 25.94
39 40 45.31
40 37 15.61
40 39 20.94
41 42 27.41
41 143 30.41
41 48 6.85
42 41 12.67
42 47 4.04
43 109 13.79
44 140 22.27
44 109 4.54
45 47 4.98
46 49 20.46
46 125 20.3
47 42 12.3
47 45 2.3
47 129 109.5
47 130 879.39
47 48 8.33
47 124 55.34
47 125 3.16
48 41 20.83
48 47 18.02
48 108 14.85
49 46 44.26
49 50 15.67
50 4 29.05
50 49 33.9
51 59 46.43
52 137 41.67
52 59 18.37
53 21 50.75
53 133 74.69
53 134 65.8
53 71 183.49
53 72 176.43
53 54 9.18
53 56 59.15
54 53 27.9
54 59 22.96
55 24 53.32
55 119 160.28
55 71 201.36
56 53 19.45
56 75 70.37
57 58 19.53
57 59 100.25
57 60 55.0
57 61 100.26
57 80 64.73
58 57 59.38
58 82 102.3
59 51 21.46
59 52 39.74
59 54 69.83
59 57 32.96
59 60 16.05
59 61 133.16
60 57 18.08
60 59 48.82
61 35 53.91
61 57 304.91
61 59 404.98
61 62 95.74
61 70 79.82
61 72 52.72
62 61 31.48
62 63 26.55
63 62 8.73
63 65 66.14
63 64 31.13
64 63 10.23
64 81 47.07
65 63 21.75
65 66 78.56
66 65 25.83
66 99 34.59
67 99 63.08
68 99 55.94
68 88 56.38
69 36 42.75
69 70 10.29
70 61 172.7
70 69 22.27
70 80 189.5
71 53 558.04
71 55 612.41
71 119 721.77
72 16 27.63
72 53 536.59
72 61 114.07
72 73 17.17
72 96 197.53
73 72 37.15
73 74 30.92
74 73 11.41
74 121 84.62
74 97 45.36
75 38 38.84
75 56 23.14
76 98 93.15
76 83 77.15
77 25 82.41
77 98 16.6
77 100 26.73
77 78 51.86
78 77 17.05
78 103 49.46
78 79 38.71
79 78 17.89
79 85 46.2
79 86 45.77
80 57 196.86
80 70 62.31
81 64 21.75
81 82 138.46
82 27 81.62
82 28 81.07
82 58 47.28
82 81 45.53
82 83 20.46
83 76 35.66
83 82 9.46
84 142 38.12
84 87 18.34
85 26 40.17
85 79 21.35
85 86 6.23
86 79 21.15
86 85 18.96
87 84 6.03
87 108 32.89
88 68 26.06
88 89 12.28
88 96 8.61
89 88 37.36
89 94 25.58
89 95 30.27
89 96 21.52
90 91 7.71
90 93 31.63
91 90 23.44
91 92 33.18
92 2 30.94
92 91 10.91
92 93 25.27
92 95 38.62
92 106 20.84
93 90 14.62
93 92 11.68
94 89 77.79
94 121 20.48
95 89 13.99
95 92 117.46
95 127 43.89
96 72 64.95
96 88 26.18
96 89 9.95
96 97 33.96
96 121 25.71
97 74 14.91
97 96 103.29
98 76 43.05
98 77 50.49
98 99 19.53
99 66 15.99
99 67 29.15
99 68 18.39
99 98 59.38
99 101 38.32
99 105 117.74
100 77 57.82
100 101 22.05
100 103 68.11
101 99 12.6
101 100 67.05
102 105 11.47
102 103 83.37
103 78 22.86
103 100 22.4
103 102 27.41
104 105 28.18
104 107 10.8
105 99 54.42
105 102 24.82
105 104 9.27
106 92 45.08
106 107 31.07
107 104 32.84
107 106 10.21
108 48 32.14
108 87 15.2
109 43 29.83
109 44 13.82
109 142 13.42
110 117 23.31
110 111 24.2
111 110 52.37
111 113 21.16
111 112 30.33
111 114 39.82
112 111 14.02
113 111 9.78
113 118 11.42
114 111 86.15
114 145 21.45
114 130 12.27
114 115 10.24
114 116 34.09
115 114 22.16
115 116 34.86
116 114 11.21
116 115 11.46
116 117 34.84
117 110 10.77
117 116 16.1
118 33 27.84
118 34 21.96
118 113 3.76
119 38 79.78
119 55 74.08
119 71 237.32
120 20 39.93
120 121 133.39
120 123 20.57
121 74 39.11
121 94 44.3
121 96 78.19
121 120 43.86
121 126 30.36
122 129 19.65
123 120 44.52
123 124 9.21
124 47 25.58
124 123 19.93
125 46 6.68
125 47 9.62
126 121 65.68
126 128 20.86
127 2 59.65
127 95 94.97
127 129 32.09
127 128 22.4
128 2 127.7
128 126 45.13
128 127 68.12
128 129 12.71
129 47 36.0
129 122 59.76
129 127 97.6
129 128 38.64
130 33 37.32
130 47 406.44
130 114 37.31
130 131 27.22
130 145 9.59
130 144 21.41
131 33 78.89
131 130 82.77
131 135 63.83
132 33 20.13
132 133 7.66
133 53 34.52
133 132 23.31
134 53 30.41
134 137 28.1
135 131 29.5
135 136 40.66
136 135 123.65
136 137 9.21
137 52 19.26
137 134 85.45
137 136 28.02
138 139 36.02
138 140 48.06
139 138 16.65
139 141 18.34
140 44 48.19
140 138 15.8
141 139 6.03
141 142 22.26
141 143 56.19
142 84 17.62
142 109 40.81
142 141 10.29
142 143 34.19
143 41 65.79
143 141 25.97
143 142 15.8
144 130 46.31
145 114 65.23
145 130 29.17
