1 9 5.29
1 11 24.76
2 92 48.24
2 127 14.79
2 128 31.66
3 4 12.14
3 6 5.96
4 3 29.82
4 50 17.5
5 6 113.67
6 3 11.15
6 5 46.28
6 9 46.46
6 7 15.22
7 6 8.13
7 8 17.69
8 7 7.2
8 10 25.49
9 1 13.0
9 6 24.82
10 8 13.62
10 19 27.57
10 20 37.85
11 1 46.33
11 14 23.96
12 17 5.68
12 18 22.48
12 13 7.67
12 32 26.47
13 12 14.36
13 14 8.5
13 31 16.71
14 11 9.76
14 13 20.88
15 36 23.68
15 31 37.23
16 19 10.26
16 20 28.32
16 72 43.07
17 12 10.63
17 18 12.05
18 12 12.01
18 17 6.44
19 10 11.22
19 16 5.48
20 10 37.85
20 16 53.01
20 120 9.36
21 27 12.87
21 53 63.2
21 22 5.91
22 21 3.16
22 26 31.43
23 30 0.04
23 38 74.05
23 24 31.02
24 23 16.57
24 26 10.55
24 55 66.4
25 26 59.89
25 28 22.59
25 77 19.31
26 22 58.83
26 24 19.74
26 25 24.39
26 85 9.41
26 30 17.99
27 21 31.61
27 82 17.04
28 25 12.07
28 82 20.1
29 38 48.12
30 23 0.04
30 26 9.61
31 13 6.8
31 15 69.67
32 12 10.78
32 35 32.2
33 130 46.47
33 131 41.1
33 132 4.99
33 118 43.41
34 118 27.35
34 39 6.43
35 32 17.21
35 61 76.08
36 15 12.65
36 69 66.64
37 38 11.83
37 40 19.43
38 23 30.15
38 29 25.71
38 37 29.05
38 75 48.37
38 119 99.34
39 34 12.04
39 40 12.61
40 37 7.91
40 39 23.6
41 42 15.78
41 143 15.42
41 48 5.16
42 41 6.42
42 47 2.57
43 109 6.99
44 140 11.29
44 109 2.88
45 47 1.39
46 49 23.06
46 125 10.41
47 42 6.31
47 45 2.59
47 129 56.13
47 130 506.1
47 48 4.22
47 124 31.85
47 125 2.39
48 41 9.67
48 47 10.37
48 108 7.53
49 46 12.32
49 50 17.66
50 4 32.75
50 49 9.43
51 59 12.92
52 137 23.98
52 59 9.31
53 21 25.73
53 133 42.98
53 134 37.87
53 71 116.49
53 72 112.01
53 54 6.92
53 56 27.45
54 53 12.95
54 59 17.31
55 24 27.04
55 119 92.25
55 71 151.84
56 53 14.67
56 75 36.08
57 58 12.4
57 59 51.39
57 60 28.19
57 61 63.65
57 80 48.81
58 57 30.44
58 82 28.47
59 51 24.18
59 52 22.87
59 54 32.4
59 57 20.93
59 60 10.19
59 61 84.54
60 57 11.48
60 59 25.03
61 35 40.65
61 57 156.31
61 59 207.61
61 62 44.43
61 70 89.97
61 72 26.73
62 61 23.74
62 63 12.32
63 62 6.58
63 65 30.69
63 64 14.44
64 63 7.72
64 81 27.09
65 63 16.4
65 66 36.45
66 65 19.48
66 99 9.63
67 99 17.56
68 99 28.68
68 88 15.69
69 36 27.14
69 70 5.22
70 61 48.07
70 69 12.81
70 80 97.14
71 53 258.96
71 55 284.18
71 119 370.01
72 16 17.54
72 53 275.08
72 61 65.65
72 73 8.7
72 96 91.66
73 72 21.38
73 74 8.61
74 73 8.61
74 121 23.55
74 97 21.05
75 38 19.69
75 56 14.69
76 98 25.93
76 83 44.4
77 25 47.43
77 98 10.54
77 100 13.55
77 78 24.07
78 77 12.86
78 103 13.77
78 79 22.28
79 78 9.07
79 85 26.59
79 86 26.34
80 57 91.35
80 70 39.56
81 64 11.03
81 82 70.98
82 27 41.84
82 28 37.62
82 58 53.29
82 81 28.9
82 83 5.69
83 76 18.08
83 82 10.66
84 142 10.61
84 87 9.4
85 26 23.12
85 79 10.83
85 86 4.7
86 79 10.73
86 85 8.8
87 84 3.83
87 108 18.93
88 68 29.37
88 89 7.8
88 96 6.49
89 88 19.15
89 94 19.29
89 95 8.43
89 96 12.38
90 91 4.89
90 93 18.2
91 90 12.02
91 92 17.01
92 2 19.64
92 91 6.93
92 93 14.54
92 95 29.12
92 106 23.49
93 90 7.41
93 92 5.92
94 89 36.1
94 121 10.38
95 89 15.77
95 92 54.51
95 127 22.26
96 72 48.98
96 88 12.15
96 89 5.04
96 97 25.61
96 121 16.32
97 74 11.25
97 96 47.93
98 76 48.53
98 77 25.89
98 99 12.4
99 66 18.02
99 67 32.86
99 68 11.68
99 98 30.44
99 101 17.78
99 105 32.77
100 77 33.28
100 101 16.63
100 103 34.92
101 99 9.5
101 100 31.12
102 105 5.82
102 103 42.74
103 78 25.77
103 100 14.22
103 102 17.4
104 105 14.45
104 107 6.85
105 99 61.34
105 102 14.28
105 104 5.88
106 92 12.55
106 107 15.93
107 104 16.83
107 106 6.48
108 48 18.5
108 87 7.71
109 43 17.17
109 44 7.08
109 142 10.12
110 117 13.41
110 111 12.27
111 110 30.14
111 113 12.17
111 112 17.46
111 114 44.88
112 111 7.11
113 111 4.96
113 118 5.3
114 111 23.98
114 145 13.62
114 130 7.79
114 115 11.55
114 116 17.48
115 114 6.17
115 116 16.18
116 114 7.12
116 115 8.64
116 117 9.7
117 110 5.46
117 116 18.15
118 33 17.68
118 34 11.14
118 113 2.83
119 38 40.45
119 55 37.56
119 71 150.66
120 20 22.98
120 121 68.38
120 123 10.43
121 74 44.08
121 94 25.5
121 96 40.08
121 120 27.84
121 126 15.39
122 129 14.82
123 120 25.62
123 124 4.67
124 47 12.97
124 123 11.47
125 46 4.24
125 47 4.46
126 121 37.8
126 128 10.58
127 2 27.68
127 95 54.66
127 129 20.37
127 128 16.89
128 2 59.26
128 126 25.98
128 127 31.61
128 129 8.07
129 47 22.86
129 122 27.73
129 127 50.04
129 128 19.81
130 33 18.92
130 47 206.07
130 114 19.13
130 131 17.28
130 145 6.09
130 144 24.13
131 33 21.96
131 130 42.43
131 135 17.77
132 33 9.34
132 133 5.78
133 53 17.5
133 132 10.82
134 53 15.42
134 137 21.19
135 131 33.25
135 136 30.66
136 135 57.38
136 137 5.85
137 52 9.77
137 134 39.65
137 136 14.37
138 139 20.73
138 140 22.3
139 138 8.44
139 141 8.51
140 44 27.73
140 138 11.92
141 139 4.55
141 142 12.81
141 143 32.34
142 84 19.86
142 109 18.94
142 141 5.22
142 143 19.68
143 41 37.86
143 141 13.17
143 142 8.01
144 130 12.89
145 114 33.44
145 130 14.95
