1 9 12.54
1 11 36.27
2 92 134.74
2 127 21.67
2 128 46.39
3 4 28.77
3 6 30.3
4 3 73.38
4 50 89.03
5 6 279.74
6 3 11.88
6 5 109.68
6 9 49.53
6 7 46.98
7 6 11.92
7 8 43.53
8 7 17.07
8 10 27.17
9 1 31.98
9 6 126.31
10 8 69.3
10 19 77.0
10 20 192.6
11 1 142.98
11 14 66.93
12 17 8.32
12 18 23.96
12 13 39.04
12 32 65.14
13 12 15.31
13 14 20.15
13 31 46.68
14 11 16.98
14 13 51.39
15 36 73.08
15 31 189.42
16 19 10.94
16 20 144.12
16 72 120.31
17 12 32.8
17 18 12.85
18 12 61.11
18 17 32.76
19 10 19.53
19 16 27.9
20 10 55.46
20 16 56.51
20 120 22.17
21 27 22.4
21 53 155.53
21 22 6.3
22 21 16.08
22 26 159.94
23 30 0.21
23 38 182.24
23 24 33.07
24 23 84.34
24 26 53.66
24 55 163.4
25 26 167.29
25 28 24.08
25 77 45.76
26 22 62.71
26 24 21.04
26 25 42.44
26 85 22.31
26 30 55.5
27 21 88.29
27 82 29.65
28 25 61.41
28 82 29.45
29 38 148.49
30 23 0.06
30 26 14.08
31 13 11.84
31 15 74.27
32 12 25.54
32 35 99.37
33 130 114.36
33 131 43.81
33 132 7.31
33 118 121.25
34 118 67.3
34 39 9.43
35 32 25.21
35 61 234.77
36 15 18.54
36 69 186.16
37 38 28.03
37 40 47.83
38 23 71.46
38 29 37.67
38 37 71.5
38 75 119.03
38 119 244.48
39 34 37.15
39 40 64.17
40 37 18.75
40 39 25.16
41 42 38.82
41 143 36.53
41 48 7.57
42 41 15.22
42 47 4.47
43 109 16.57
44 140 26.76
44 109 5.02
45 47 7.05
46 49 24.58
46 125 29.07
47 42 17.61
47 45 2.77
47 129 156.8
47 130 1245.49
47 48 10.01
47 124 78.37
47 125 3.5
48 41 29.83
48 47 25.52
48 108 17.85
49 46 62.69
49 50 18.82
50 4 34.91
50 49 48.01
51 59 65.75
52 137 59.02
52 59 22.07
53 21 60.98
53 133 105.78
53 134 93.2
53 71 202.73
53 72 194.94
53 54 10.14
53 56 84.7
54 53 39.96
54 59 25.37
55 24 64.07
55 119 227.01
55 71 222.48
56 53 21.49
56 75 100.77
57 58 21.57
57 59 143.55
57 60 78.75
57 61 110.77
57 80 71.52
58 57 85.03
58 82 144.89
59 51 25.78
59 52 56.29
59 54 99.99
59 57 36.42
59 60 17.74
59 61 147.13
60 57 19.98
60 59 69.91
61 35 59.56
61 57 436.62
61 59 579.91
61 62 137.1
61 70 95.91
61 72 63.35
62 61 34.78
62 63 38.02
63 62 9.65
63 65 94.71
63 64 44.57
64 63 11.31
64 81 66.67
65 63 24.03
65 66 112.49
66 65 28.54
66 99 49.0
67 99 89.34
68 99 80.1
68 88 79.85
69 36 47.23
69 70 12.36
70 61 244.6
70 69 31.54
70 80 271.35
71 53 799.09
71 55 876.93
71 119 1033.53
72 16 30.52
72 53 768.36
72 61 161.56
72 73 20.63
72 96 282.85
73 72 52.61
73 74 43.79
74 73 12.61
74 121 119.85
74 97 64.95
75 38 46.67
75 56 25.57
76 98 131.93
76 83 109.27
77 25 116.72
77 98 18.34
77 100 32.11
77 78 74.27
78 77 18.84
78 103 70.05
78 79 54.83
79 78 21.5
79 85 65.43
79 86 64.83
80 57 281.9
80 70 68.84
81 64 26.14
81 82 198.26
82 27 116.88
82 28 116.09
82 58 56.81
82 81 50.3
82 83 28.98
83 76 42.84
83 82 11.36
84 142 53.99
84 87 26.27
85 26 56.9
85 79 25.65
85 86 6.89
86 79 25.42
86 85 27.14
87 84 6.66
87 108 46.59
88 68 31.31
88 89 13.57
88 96 9.51
89 88 53.5
89 94 28.26
89 95 42.87
89 96 30.48
90 91 8.52
90 93 44.79
91 90 33.57
91 92 47.52
92 2 34.18
92 91 12.06
92 93 35.79
92 95 42.67
92 106 25.04
93 90 17.56
93 92 14.03
94 89 111.39
94 121 24.6
95 89 16.81
95 92 168.2
95 127 52.74
96 72 71.76
96 88 37.49
96 89 11.95
96 97 37.52
96 121 28.4
97 74 16.48
97 96 147.91
98 76 51.73
98 77 72.3
98 99 21.57
99 66 19.21
99 67 35.03
99 68 20.32
99 98 85.04
99 101 54.88
99 105 166.76
100 77 81.9
100 101 24.36
100 103 97.54
101 99 13.92
101 100 96.02
102 105 13.78
102 103 119.38
103 78 27.47
103 100 24.75
103 102 30.29
104 105 40.35
104 107 11.93
105 99 65.39
105 102 35.15
105 104 10.24
106 92 63.85
106 107 44.48
107 104 47.02
107 106 11.29
108 48 45.52
108 87 18.27
109 43 42.25
109 44 19.78
109 142 14.83
110 117 33.01
110 111 29.08
111 110 74.17
111 113 29.96
111 112 42.96
111 114 47.84
112 111 16.84
113 111 11.75
113 118 16.36
114 111 122.02
114 145 23.7
114 130 13.55
114 115 12.31
114 116 48.82
115 114 31.39
115 116 49.91
116 114 12.38
116 115 12.66
116 117 49.34
117 110 12.94
117 116 19.35
118 33 30.76
118 34 26.39
118 113 4.15
119 38 95.86
119 55 89.01
119 71 262.21
120 20 56.55
120 121 191.01
120 123 24.72
121 74 46.99
121 94 62.75
121 96 111.96
121 120 48.46
121 126 36.47
122 129 21.71
123 120 63.05
123 124 11.07
124 47 30.73
124 123 28.23
125 46 7.38
125 47 13.78
126 121 93.02
126 128 25.06
127 2 85.41
127 95 134.51
127 129 35.46
127 128 24.75
128 2 182.86
128 126 63.92
128 127 97.54
128 129 14.04
129 47 39.78
129 122 85.58
129 127 139.76
129 128 55.33
130 33 44.84
130 47 488.34
130 114 53.42
130 131 30.07
130 145 10.6
130 144 25.72
131 33 111.73
131 130 118.53
131 135 90.4
132 33 28.82
132 133 8.47
133 53 41.47
133 132 33.38
134 53 36.54
134 137 31.04
135 131 35.44
135 136 44.92
136 135 177.07
136 137 10.18
137 52 23.14
137 134 122.36
137 136 40.13
138 139 51.02
138 140 68.82
139 138 20.0
139 141 26.26
140 44 68.25
140 138 17.46
141 139 6.66
141 142 31.53
141 143 79.59
142 84 21.17
142 109 58.44
142 141 12.36
142 143 48.42
143 41 93.18
143 141 31.21
143 142 18.99
144 130 65.59
145 114 93.41
145 130 41.77
