1 9 13.0
1 11 46.33
2 92 19.64
2 127 27.68
2 128 59.26
3 4 29.82
3 6 11.15
4 3 12.14
4 50 32.75
5 6 46.28
6 3 5.96
6 5 113.67
6 9 24.82
6 7 8.13
7 6 15.22
7 8 7.2
8 7 17.69
8 10 13.62
9 1 5.29
9 6 46.46
10 8 25.49
10 19 11.22
10 20 70.84
11 1 24.76
11 14 9.76
12 17 10.63
12 18 12.01
12 13 14.36
12 32 10.78
13 12 7.67
13 14 20.88
13 31 6.8
14 11 23.96
14 13 8.5
15 36 12.65
15 31 69.67
16 19 5.48
16 20 53.01
16 72 17.54
17 12 5.68
17 18 6.44
18 12 22.48
18 17 12.05
19 10 27.57
19 16 10.26
20 10 70.84
20 16 28.32
20 120 22.98
21 27 31.61
21 53 25.73
21 22 3.16
22 21 5.91
22 26 58.83
23 30 0.08
23 38 30.15
23 24 16.57
24 23 31.02
24 26 19.74
24 55 27.04
25 26 24.39
25 28 12.07
25 77 47.43
26 22 31.43
26 24 10.55
26 25 59.89
26 85 23.12
26 30 9.61
27 21 12.87
27 82 41.84
28 25 22.59
28 82 37.62
29 38 25.71
30 23 0.08
30 26 17.99
31 13 16.71
31 15 37.23
32 12 26.47
32 35 17.21
33 130 18.92
33 131 21.96
33 132 9.34
33 118 17.68
34 118 11.14
34 39 12.04
35 32 32.2
35 61 40.65
36 15 23.68
36 69 27.14
37 38 29.05
37 40 7.91
38 23 74.05
38 29 48.12
38 37 11.83
38 75 19.69
38 119 40.45
39 34 6.43
39 40 23.6
40 37 19.43
40 39 12.61
41 42 6.42
41 143 37.86
41 48 9.67
42 41 15.78
42 47 6.31
43 109 17.17
44 140 27.73
44 109 7.08
45 47 2.59
46 49 12.32
46 125 4.24
47 42 2.57
47 45 1.39
47 129 22.86
47 130 206.07
47 48 10.37
47 124 12.97
47 125 4.46
48 41 5.16
48 47 4.22
48 108 18.5
49 46 23.06
49 50 9.43
50 4 17.5
50 49 17.66
51 59 24.18
52 137 9.77
52 59 22.87
53 21 63.2
53 133 17.5
53 134 15.42
53 71 286.08
53 72 275.08
53 54 12.95
53 56 14.67
54 53 6.92
54 59 32.4
55 24 66.4
55 119 37.56
55 71 284.18
56 53 27.45
56 75 14.69
57 58 30.44
57 59 20.93
57 60 11.48
57 61 156.31
57 80 91.35
58 57 12.4
58 82 53.29
59 51 12.92
59 52 9.31
59 54 17.31
59 57 51.39
59 60 25.03
59 61 207.61
60 57 28.19
60 59 10.19
61 35 76.08
61 57 63.65
61 59 84.54
61 62 23.74
61 70 48.07
61 72 65.65
62 61 44.43
62 63 6.58
63 62 12.32
63 65 16.4
63 64 7.72
64 63 14.44
64 81 11.03
65 63 30.69
65 66 19.48
66 65 36.45
66 99 18.02
67 99 32.86
68 99 11.68
68 88 29.37
69 36 66.64
69 70 12.81
70 61 89.97
70 69 5.22
70 80 39.56
71 53 138.36
71 55 151.84
71 119 150.66
72 16 43.07
72 53 112.01
72 61 26.73
72 73 21.38
72 96 48.98
73 72 8.7
73 74 16.11
74 73 16.11
74 121 44.08
74 97 11.25
75 38 48.37
75 56 36.08
76 98 48.53
76 83 18.08
77 25 19.31
77 98 25.89
77 100 33.28
77 78 12.86
78 77 24.07
78 103 25.77
78 79 9.07
79 78 22.28
79 85 10.83
79 86 10.73
80 57 48.81
80 70 97.14
81 64 27.09
81 82 28.9
82 27 17.04
82 28 20.1
82 58 28.47
82 81 70.98
82 83 10.66
83 76 44.4
83 82 5.69
84 142 19.86
84 87 3.83
85 26 9.41
85 79 26.59
85 86 8.8
86 79 26.34
86 85 4.7
87 84 9.4
87 108 7.71
88 68 15.69
88 89 19.15
88 96 12.15
89 88 7.8
89 94 36.1
89 95 15.77
89 96 5.04
90 91 12.02
90 93 7.41
91 90 4.89
91 92 6.93
92 2 48.24
92 91 17.01
92 93 5.92
92 95 54.51
92 106 12.55
93 90 18.2
93 92 14.54
94 89 19.29
94 121 25.5
95 89 8.43
95 92 29.12
95 127 54.66
96 72 91.66
96 88 6.49
96 89 12.38
96 97 47.93
96 121 40.08
97 74 21.05
97 96 25.61
98 76 25.93
98 77 10.54
98 99 30.44
99 66 9.63
99 67 17.56
99 68 28.68
99 98 12.4
99 101 9.5
99 105 61.34
100 77 13.55
100 101 31.12
100 103 14.22
101 99 17.78
101 100 16.63
102 105 14.28
102 103 17.4
103 78 13.77
103 100 34.92
103 102 42.74
104 105 5.88
104 107 16.83
105 99 32.77
105 102 5.82
105 104 14.45
106 92 23.49
106 107 6.48
107 104 6.85
107 106 15.93
108 48 7.53
108 87 18.93
109 43 6.99
109 44 2.88
109 142 18.94
110 117 5.46
110 111 30.14
111 110 12.27
111 113 4.96
111 112 7.11
111 114 23.98
112 111 17.46
113 111 12.17
113 118 2.83
114 111 44.88
114 145 33.44
114 130 19.13
114 115 6.17
114 116 7.12
115 114 11.55
115 116 8.64
116 114 17.48
116 115 16.18
116 117 18.15
117 110 13.41
117 116 9.7
118 33 43.41
118 34 27.35
118 113 5.3
119 38 99.34
119 55 92.25
119 71 370.01
120 20 9.36
120 121 27.84
120 123 25.62
121 74 23.55
121 94 10.38
121 96 16.32
121 120 68.38
121 126 37.8
122 129 27.73
123 120 10.43
123 124 11.47
124 47 31.85
124 123 4.67
125 46 10.41
125 47 2.39
126 121 15.39
126 128 25.98
127 2 14.79
127 95 22.26
127 129 50.04
127 128 31.61
128 2 31.66
128 126 10.58
128 127 16.89
128 129 19.81
129 47 56.13
129 122 14.82
129 127 20.37
129 128 8.07
130 33 46.47
130 47 506.1
130 114 7.79
130 131 42.43
130 145 14.95
130 144 12.89
131 33 41.1
131 130 17.28
131 135 33.25
132 33 4.99
132 133 10.82
133 53 42.98
133 132 5.78
134 53 37.87
134 137 39.65
135 131 17.77
135 136 57.38
136 135 30.66
136 137 14.37
137 52 23.98
137 134 21.19
137 136 5.85
138 139 8.44
138 140 11.92
139 138 20.73
139 141 4.55
140 44 11.29
140 138 22.3
141 139 8.51
141 142 5.22
141 143 13.17
142 84 10.61
142 109 10.12
142 141 12.81
142 143 8.01
143 41 15.42
143 141 32.34
143 142 19.68
144 130 24.13
145 114 13.62
145 130 6.09
