1 9 36.3
1 11 125.97
2 92 34.18
2 127 75.25
2 128 161.11
3 4 83.29
3 6 30.3
4 3 21.13
4 50 89.03
5 6 80.55
6 3 11.88
6 5 317.51
6 9 49.53
6 7 16.23
7 6 41.39
7 8 12.53
8 7 49.41
8 10 27.17
9 1 9.21
9 6 126.31
10 8 69.3
10 19 19.53
10 20 192.6
11 1 49.39
11 14 16.98
12 17 28.89
12 18 23.96
12 13 39.04
12 32 18.76
13 12 15.31
13 14 58.33
13 31 11.84
14 11 66.93
14 13 14.8
15 36 25.25
15 31 189.42
16 19 10.94
16 20 144.12
16 72 30.52
17 12 11.33
17 18 12.85
18 12 61.11
18 17 32.76
19 10 77.0
19 16 27.9
20 10 192.6
20 16 56.51
20 120 64.19
21 27 88.29
21 53 44.79
21 22 6.3
22 21 16.08
22 26 159.94
23 30 0.21
23 38 52.48
23 24 33.07
24 23 84.34
24 26 53.66
24 55 47.05
25 26 42.44
25 28 24.08
25 77 132.48
26 22 62.71
26 24 21.04
26 25 167.29
26 85 64.58
26 30 19.17
27 21 22.4
27 82 116.88
28 25 61.41
28 82 102.28
29 38 51.29
30 23 0.21
30 26 48.9
31 13 46.68
31 15 74.27
32 12 73.94
32 35 34.33
33 130 32.93
33 131 43.81
33 132 25.39
33 118 30.76
34 118 19.38
34 39 32.73
35 32 87.55
35 61 81.1
36 15 64.39
36 69 47.23
37 38 81.15
37 40 13.77
38 23 206.85
38 29 130.82
38 37 20.59
38 75 34.27
38 119 70.4
39 34 12.83
39 40 64.17
40 37 54.28
40 39 25.16
41 42 11.18
41 143 105.76
41 48 26.28
42 41 44.06
42 47 17.61
43 109 47.95
44 140 77.46
44 109 19.78
45 47 7.05
46 49 24.58
46 125 7.38
47 42 4.47
47 45 2.77
47 129 39.78
47 130 358.65
47 48 28.96
47 124 22.57
47 125 12.14
48 41 10.3
48 47 7.35
48 108 51.67
49 46 62.69
49 50 18.82
50 4 34.91
50 49 48.01
51 59 65.75
52 137 17.0
52 59 63.88
53 21 176.53
53 133 30.46
53 134 26.84
53 71 799.09
53 72 768.36
53 54 35.2
53 56 29.26
54 53 13.8
54 59 88.1
55 24 185.46
55 119 65.37
55 71 772.62
56 53 74.63
56 75 25.57
57 58 85.03
57 59 36.42
57 60 19.98
57 61 436.62
57 80 248.36
58 57 21.57
58 82 144.89
59 51 25.78
59 52 16.21
59 54 34.54
59 57 143.55
59 60 69.91
59 61 579.91
60 57 78.75
60 59 17.74
61 35 206.85
61 57 110.77
61 59 147.13
61 62 47.36
61 70 95.91
61 72 183.38
62 61 120.79
62 63 13.14
63 62 33.5
63 65 32.72
63 64 15.4
64 63 39.27
64 81 19.2
65 63 83.45
65 66 38.86
66 65 99.11
66 99 49.0
67 99 89.34
68 99 20.32
68 88 79.85
69 36 186.16
69 70 35.79
70 61 244.6
70 69 9.08
70 80 68.84
71 53 276.05
71 55 302.94
71 119 262.21
72 16 120.31
72 53 194.94
72 61 46.52
72 73 59.71
72 96 97.71
73 72 15.15
73 74 43.79
74 73 43.79
74 121 119.85
74 97 22.44
75 38 135.1
75 56 100.77
76 98 131.93
76 83 31.46
77 25 33.61
77 98 72.3
77 100 92.96
77 78 25.66
78 77 65.43
78 103 70.05
78 79 15.79
79 78 62.23
79 85 18.84
79 86 18.67
80 57 97.38
80 70 271.35
81 64 75.67
81 82 50.3
82 27 29.65
82 28 40.1
82 58 56.81
82 81 198.26
82 83 28.98
83 76 124.02
83 82 11.36
84 142 53.99
84 87 6.66
85 26 16.38
85 79 74.26
85 86 23.91
86 79 73.58
86 85 9.38
87 84 26.27
87 108 13.42
88 68 31.31
88 89 53.5
88 96 33.03
89 88 13.57
89 94 98.14
89 95 42.87
89 96 8.78
90 91 33.57
90 93 12.9
91 90 8.52
91 92 12.06
92 2 134.74
92 91 47.52
92 93 10.31
92 95 148.19
92 106 25.04
93 90 50.84
93 92 40.62
94 89 38.48
94 121 71.22
95 89 16.81
95 92 58.1
95 127 152.67
96 72 249.21
96 88 12.95
96 89 34.59
96 97 130.31
96 121 111.96
97 74 57.23
97 96 51.09
98 76 51.73
98 77 18.34
98 99 85.04
99 66 19.21
99 67 35.03
99 68 80.1
99 98 21.57
99 101 18.96
99 105 166.76
100 77 23.58
100 101 84.6
100 103 24.75
101 99 48.35
101 100 33.17
102 105 39.89
102 103 30.29
103 78 27.47
103 100 97.54
103 102 119.38
104 105 10.24
104 107 47.02
105 99 65.39
105 102 10.12
105 104 40.35
106 92 63.85
106 107 11.29
107 104 11.93
107 106 44.48
108 48 13.11
108 87 52.88
109 43 12.17
109 44 5.02
109 142 51.49
110 117 9.51
110 111 84.19
111 110 21.36
111 113 8.63
111 112 12.37
111 114 47.84
112 111 48.76
113 111 34.01
113 118 5.65
114 111 122.02
114 145 93.41
114 130 53.42
114 115 12.31
114 116 12.38
115 114 31.39
115 116 17.24
116 114 48.82
116 115 43.98
116 117 49.34
117 110 37.47
117 116 19.35
118 33 121.25
118 34 76.39
118 113 14.41
119 38 277.48
119 55 257.66
119 71 1033.53
120 20 16.28
120 121 48.46
120 123 71.56
121 74 46.99
121 94 18.07
121 96 28.4
121 120 191.01
121 126 105.58
122 129 75.4
123 120 18.15
123 124 32.04
124 47 88.96
124 123 8.13
125 46 29.07
125 47 4.76
126 121 26.79
126 128 72.55
127 2 29.51
127 95 38.73
127 129 139.76
127 128 85.94
128 2 63.17
128 126 18.41
128 127 33.7
128 129 55.33
129 47 156.8
129 122 29.56
129 127 35.46
129 128 14.04
130 33 129.81
130 47 1413.65
130 114 13.55
130 131 118.53
130 145 41.77
130 144 25.72
131 33 111.73
131 130 30.07
131 135 90.4
132 33 9.96
132 133 29.41
133 53 120.06
133 132 11.53
134 53 105.78
134 137 107.8
135 131 35.44
135 136 156.0
136 135 61.17
136 137 40.13
137 52 66.99
137 134 42.27
137 136 10.18
138 139 14.69
138 140 23.77
139 138 57.91
139 141 9.07
140 44 19.65
140 138 60.63
141 139 23.14
141 142 9.08
141 143 22.92
142 84 21.17
142 109 20.19
142 141 35.79
142 143 13.94
143 41 26.83
143 141 90.33
143 142 54.96
144 130 65.59
145 114 23.7
145 130 10.6
