1 9 36.3
1 11 49.39
2 92 46.55
2 127 29.51
2 128 63.17
3 4 83.29
3 6 34.4
4 3 21.13
4 50 101.05
5 6 80.55
6 3 8.73
6 5 317.51
6 9 36.37
6 7 41.39
7 6 16.23
7 8 12.53
8 7 49.41
8 10 19.95
9 1 9.21
9 6 143.36
10 8 78.65
10 19 26.6
10 20 218.61
11 1 125.97
11 14 23.12
12 17 11.33
12 18 17.6
12 13 44.31
12 32 18.76
13 12 11.24
13 14 58.33
13 31 16.13
14 11 58.97
14 13 14.8
15 36 64.39
15 31 215.0
16 19 8.03
16 20 163.57
16 72 41.56
17 12 28.89
17 18 9.43
18 12 69.36
18 17 37.18
19 10 67.84
19 16 31.67
20 10 75.52
20 16 41.5
20 120 64.19
21 27 77.79
21 53 44.79
21 22 4.63
22 21 18.25
22 26 181.53
23 30 0.24
23 38 52.48
23 24 24.29
24 23 95.72
24 26 60.9
24 55 47.05
25 26 57.79
25 28 17.68
25 77 132.48
26 22 46.06
26 24 15.45
26 25 147.39
26 85 64.58
26 30 48.9
27 21 30.5
27 82 102.98
28 25 69.7
28 82 40.1
29 38 130.82
30 23 0.08
30 26 19.17
31 13 41.13
31 15 54.54
32 12 73.94
32 35 87.55
33 130 32.93
33 131 32.17
33 132 9.96
33 118 41.89
34 118 19.38
34 39 12.83
35 32 34.33
35 61 206.85
36 15 25.25
36 69 64.31
37 38 81.15
37 40 13.77
38 23 206.85
38 29 51.29
38 37 20.59
38 75 34.27
38 119 70.4
39 34 32.73
39 40 72.83
40 37 54.28
40 39 18.48
41 42 11.18
41 143 105.76
41 48 10.3
42 41 44.06
42 47 15.52
43 109 47.95
44 140 77.46
44 109 17.43
45 47 8.0
46 49 18.05
46 125 10.04
47 42 6.08
47 45 2.03
47 129 54.17
47 130 358.65
47 48 28.96
47 124 22.57
47 125 4.76
48 41 26.28
48 47 7.35
48 108 51.67
49 46 71.16
49 50 13.82
50 4 25.64
50 49 54.49
51 59 74.63
52 137 17.0
52 59 63.88
53 21 176.53
53 133 30.46
53 134 26.84
53 71 704.04
53 72 676.97
53 54 13.8
53 56 74.63
54 53 35.2
54 59 34.54
55 24 185.46
55 119 65.37
55 71 302.94
56 53 29.26
56 75 34.81
57 58 74.92
57 59 49.59
57 60 27.2
57 61 384.68
57 80 97.38
58 57 29.37
58 82 164.45
59 51 18.93
59 52 16.21
59 54 88.1
59 57 126.48
59 60 61.59
59 61 510.93
60 57 69.38
60 59 24.15
61 35 81.1
61 57 150.83
61 59 200.33
61 62 120.79
61 70 70.43
61 72 183.38
62 61 47.36
62 63 33.5
63 62 13.14
63 65 83.45
63 64 39.27
64 63 15.4
64 81 19.2
65 63 32.72
65 66 99.11
66 65 38.86
66 99 55.61
67 99 101.4
68 99 27.67
68 88 90.63
69 36 164.01
69 70 35.79
70 61 277.62
70 69 9.08
70 80 93.74
71 53 704.04
71 55 772.62
71 119 357.03
72 16 106.0
72 53 265.43
72 61 46.52
72 73 59.71
72 96 249.21
73 72 15.15
73 74 49.71
74 73 17.17
74 121 136.04
74 97 57.23
75 38 135.1
75 56 88.78
76 98 149.74
76 83 31.46
77 25 33.61
77 98 63.7
77 100 92.96
77 78 65.43
78 77 25.66
78 103 79.51
78 79 15.79
79 78 62.23
79 85 18.84
79 86 18.67
80 57 248.36
80 70 239.07
81 64 75.67
81 82 68.49
82 27 40.38
82 28 102.28
82 58 41.72
82 81 174.68
82 83 32.89
83 76 124.02
83 82 8.34
84 142 61.28
84 87 9.07
85 26 16.38
85 79 74.26
85 86 9.38
86 79 73.58
86 85 23.91
87 84 23.14
87 108 13.42
88 68 22.99
88 89 47.13
88 96 12.95
89 88 18.48
89 94 38.48
89 95 48.66
89 96 8.78
90 91 29.57
90 93 12.9
91 90 11.6
91 92 16.41
92 2 118.71
92 91 41.86
92 93 10.31
92 95 58.1
92 106 18.39
93 90 50.84
93 92 40.62
94 89 98.14
94 121 71.22
95 89 12.35
95 92 148.19
95 127 152.67
96 72 97.71
96 88 33.03
96 89 34.59
96 97 51.09
96 121 98.64
97 74 22.44
97 96 130.31
98 76 37.99
98 77 24.98
98 99 74.92
99 66 14.11
99 67 25.73
99 68 70.57
99 98 29.38
99 101 48.35
99 105 189.28
100 77 23.58
100 101 33.17
100 103 33.69
101 99 18.96
101 100 84.6
102 105 39.89
102 103 41.24
103 78 20.17
103 100 85.93
103 102 105.18
104 105 13.94
104 107 41.43
105 99 48.02
105 102 10.12
105 104 35.55
106 92 72.47
106 107 15.37
107 104 16.24
107 106 39.19
108 48 13.11
108 87 52.88
109 43 12.17
109 44 6.83
109 142 20.19
110 117 9.51
110 111 84.19
111 110 21.36
111 113 8.63
111 112 12.37
111 114 35.14
112 111 48.76
113 111 34.01
113 118 14.41
114 111 138.49
114 145 82.3
114 130 47.07
114 115 9.04
114 116 16.86
115 114 35.63
115 116 43.98
116 114 43.01
116 115 17.24
116 117 56.0
117 110 37.47
117 116 14.21
118 33 106.83
118 34 76.39
118 113 5.65
119 38 277.48
119 55 257.66
119 71 910.59
120 20 16.28
120 121 65.98
120 123 71.56
121 74 34.51
121 94 18.07
121 96 38.68
121 120 168.29
121 126 105.58
122 129 29.56
123 120 18.15
123 124 32.04
124 47 88.96
124 123 8.13
125 46 25.61
125 47 12.14
126 121 26.79
126 128 72.55
127 2 75.25
127 95 38.73
127 129 123.14
127 128 33.7
128 2 161.11
128 126 18.41
128 127 85.94
128 129 48.75
129 47 138.15
129 122 75.4
129 127 48.28
129 128 19.11
130 33 129.81
130 47 1413.65
130 114 18.45
130 131 104.43
130 145 36.8
130 144 18.89
131 33 126.81
131 130 40.94
131 135 102.6
132 33 25.39
132 133 11.53
133 53 120.06
133 132 29.41
134 53 105.78
134 137 42.27
135 131 26.03
135 136 61.17
136 135 156.0
136 137 35.36
137 52 66.99
137 134 107.8
137 136 13.86
138 139 14.69
138 140 60.63
139 138 57.91
139 141 23.14
140 44 19.65
140 138 23.77
141 139 9.07
141 142 9.08
141 143 22.92
142 84 15.55
142 109 51.49
142 141 35.79
142 143 13.94
143 41 26.83
143 141 90.33
143 142 54.96
144 130 74.45
145 114 32.27
145 130 14.43
