1 9 25.35
1 11 88.94
2 92 30.94
2 127 53.13
2 128 113.75
3 4 58.17
3 6 21.4
4 3 19.13
4 50 62.86
5 6 72.91
6 3 9.89
6 5 221.73
6 9 41.22
6 7 13.51
7 6 29.23
7 8 11.34
8 7 34.5
8 10 22.61
9 1 8.33
9 6 89.18
10 8 48.93
10 19 17.68
10 20 135.99
11 1 41.11
11 14 15.37
12 17 20.4
12 18 19.94
12 13 27.56
12 32 16.98
13 12 12.74
13 14 40.73
13 31 10.72
14 11 46.74
14 13 13.39
15 36 21.01
15 31 133.74
16 19 9.11
16 20 101.75
16 72 27.63
17 12 9.43
17 18 10.69
18 12 43.15
18 17 23.13
19 10 53.77
19 16 19.7
20 10 135.99
20 16 47.03
20 120 44.82
21 27 61.66
21 53 40.54
21 22 5.25
22 21 11.35
22 26 112.93
23 30 0.15
23 38 47.5
23 24 27.52
24 23 59.55
24 26 37.89
24 55 42.59
25 26 38.41
25 28 20.04
25 77 92.51
26 22 52.19
26 24 17.51
26 25 116.83
26 85 45.1
26 30 15.96
27 21 20.27
27 82 81.62
28 25 43.36
28 82 72.21
29 38 42.69
30 23 0.15
30 26 34.52
31 13 32.6
31 15 61.81
32 12 51.64
32 35 28.57
33 130 29.81
33 131 36.46
33 132 17.93
33 118 27.84
34 118 17.54
34 39 23.11
35 32 61.81
35 61 67.5
36 15 45.46
36 69 42.75
37 38 56.67
37 40 12.46
38 23 144.45
38 29 92.37
38 37 18.63
38 75 31.02
38 119 63.72
39 34 10.68
39 40 45.31
40 37 37.91
40 39 20.94
41 42 10.12
41 143 73.86
41 48 18.56
42 41 30.77
42 47 12.3
43 109 33.49
44 140 54.1
44 109 13.82
45 47 4.98
46 49 20.46
46 125 6.68
47 42 4.04
47 45 2.3
47 129 36.0
47 130 324.61
47 48 20.23
47 124 20.43
47 125 8.57
48 41 8.58
48 47 6.65
48 108 36.08
49 46 44.26
49 50 15.67
50 4 29.05
50 49 33.9
51 59 46.43
52 137 15.38
52 59 44.61
53 21 123.28
53 133 27.57
53 134 24.29
53 71 558.04
53 72 536.59
53 54 24.86
53 56 24.35
54 53 11.49
54 59 62.2
55 24 129.52
55 119 59.17
55 71 545.52
56 53 52.69
56 75 23.14
57 58 59.38
57 59 32.96
57 60 18.08
57 61 304.91
57 80 175.36
58 57 19.53
58 82 102.3
59 51 21.46
59 52 14.67
59 54 28.75
59 57 100.25
59 60 48.82
59 61 404.98
60 57 55.0
60 59 16.05
61 35 146.05
61 57 100.26
61 59 133.16
61 62 39.42
61 70 79.82
61 72 128.06
62 61 85.28
62 63 10.93
63 62 23.65
63 65 27.23
63 64 12.81
64 63 27.73
64 81 17.37
65 63 58.92
65 66 32.34
66 65 69.98
66 99 34.59
67 99 63.08
68 99 18.39
68 88 56.38
69 36 130.0
69 70 25.0
70 61 172.7
70 69 8.22
70 80 62.31
71 53 229.75
71 55 252.13
71 119 237.32
72 16 84.02
72 53 176.43
72 61 42.11
72 73 41.7
72 96 81.32
73 72 13.71
73 74 30.92
74 73 30.92
74 121 84.62
74 97 18.67
75 38 94.35
75 56 70.37
76 98 93.15
76 83 28.48
77 25 30.42
77 98 50.49
77 100 64.92
77 78 21.35
78 77 46.2
78 103 49.46
78 79 14.29
79 78 43.46
79 85 17.05
79 86 16.9
80 57 81.05
80 70 189.5
81 64 52.84
81 82 45.53
82 27 26.84
82 28 33.38
82 58 47.28
82 81 138.46
82 83 20.46
83 76 86.61
83 82 9.46
84 142 38.12
84 87 6.03
85 26 14.83
85 79 51.86
85 86 16.88
86 79 51.38
86 85 7.8
87 84 18.34
87 108 12.14
88 68 26.06
88 89 37.36
88 96 23.32
89 88 12.28
89 94 69.29
89 95 30.27
89 96 7.94
90 91 23.44
90 93 11.67
91 90 7.71
91 92 10.91
92 2 94.09
92 91 33.18
92 93 9.33
92 95 104.63
92 106 20.84
93 90 35.5
93 92 28.37
94 89 32.03
94 121 49.73
95 89 13.99
95 92 48.36
95 127 106.62
96 72 175.95
96 88 10.78
96 89 24.16
96 97 92.01
96 121 78.19
97 74 40.41
97 96 42.53
98 76 43.05
98 77 16.6
98 99 59.38
99 66 15.99
99 67 29.15
99 68 55.94
99 98 19.53
99 101 15.78
99 105 117.74
100 77 21.34
100 101 59.73
100 103 22.4
101 99 34.14
101 100 27.61
102 105 27.86
102 103 27.41
103 78 22.86
103 100 68.11
103 102 83.37
104 105 9.27
104 107 32.84
105 99 54.42
105 102 9.16
105 104 28.18
106 92 45.08
106 107 10.21
107 104 10.8
107 106 31.07
108 48 11.86
108 87 36.93
109 43 11.01
109 44 4.54
109 142 36.35
110 117 8.6
110 111 58.79
111 110 19.33
111 113 7.81
111 112 11.2
111 114 39.82
112 111 34.05
113 111 23.75
113 118 4.7
114 111 86.15
114 145 65.23
114 130 37.31
114 115 10.24
114 116 11.21
115 114 22.16
115 116 14.35
116 114 34.09
116 115 31.05
116 117 34.84
117 110 26.17
117 116 16.1
118 33 84.68
118 34 53.35
118 113 10.18
119 38 193.78
119 55 179.94
119 71 721.77
120 20 14.74
120 121 43.86
120 123 49.97
121 74 39.11
121 94 16.35
121 96 25.71
121 120 133.39
121 126 73.73
122 129 53.24
123 120 16.43
123 124 22.38
124 47 62.12
124 123 7.36
125 46 20.3
125 47 3.96
126 121 24.24
126 128 50.67
127 2 24.56
127 95 35.06
127 129 97.6
127 128 60.68
128 2 52.58
128 126 16.66
128 127 28.04
128 129 38.64
129 47 109.5
129 122 24.6
129 127 32.09
129 128 12.71
130 33 90.65
130 47 987.22
130 114 12.27
130 131 82.77
130 145 29.17
130 144 21.41
131 33 78.89
131 130 27.22
131 135 63.83
132 33 8.29
132 133 20.76
133 53 83.84
133 132 9.6
134 53 73.87
134 137 76.11
135 131 29.5
135 136 110.15
136 135 50.91
136 137 28.02
137 52 46.78
137 134 35.18
137 136 9.21
138 139 13.3
138 140 19.79
139 138 40.44
139 141 7.55
140 44 17.79
140 138 42.81
141 139 16.34
141 142 8.22
141 143 20.74
142 84 17.62
142 109 16.8
142 141 24.99
142 143 12.62
143 41 24.28
143 141 63.09
143 142 38.38
144 130 46.31
145 114 21.45
145 130 9.59
