1 9 11.76
1 11 20.84
2 92 43.66
2 127 12.45
2 128 26.66
3 4 26.99
3 6 12.31
4 3 14.42
4 50 36.18
5 6 54.98
6 3 5.01
6 5 102.89
6 9 20.9
6 7 16.82
7 6 6.85
7 8 8.55
8 7 16.01
8 10 11.47
9 1 6.29
9 6 51.33
10 8 28.16
10 19 24.95
10 20 78.26
11 1 51.19
11 14 21.69
12 17 4.78
12 18 10.11
12 13 15.86
12 32 12.8
13 12 6.46
13 14 18.9
13 31 15.13
14 11 11.59
14 13 10.1
15 36 26.16
15 31 76.97
16 19 4.62
16 20 58.56
16 72 38.99
17 12 11.74
17 18 5.42
18 12 24.83
18 17 13.31
19 10 13.33
19 16 11.34
20 10 31.87
20 16 23.84
20 120 20.8
21 27 15.29
21 53 30.57
21 22 2.66
22 21 6.53
22 26 64.99
23 30 0.09
23 38 35.82
23 24 13.95
24 23 34.27
24 26 21.8
24 55 32.11
25 26 54.21
25 28 10.16
25 77 42.93
26 22 26.46
26 24 8.88
26 25 28.97
26 85 20.93
26 30 19.87
27 21 28.61
27 82 20.24
28 25 24.95
28 82 16.92
29 38 53.16
30 23 0.03
30 26 8.09
31 13 8.08
31 15 31.34
32 12 23.96
32 35 35.57
33 130 22.48
33 131 18.49
33 132 4.2
33 118 39.29
34 118 13.23
34 39 5.42
35 32 14.49
35 61 84.05
36 15 10.65
36 69 60.33
37 38 26.3
37 40 9.4
38 23 67.03
38 29 21.65
38 37 14.05
38 75 23.39
38 119 48.05
39 34 13.3
39 40 26.07
40 37 17.59
40 39 10.62
41 42 7.63
41 143 34.27
41 48 4.35
42 41 14.28
42 47 3.05
43 109 15.54
44 140 25.1
44 109 3.43
45 47 2.87
46 49 10.37
46 125 9.42
47 42 5.71
47 45 1.17
47 129 50.81
47 130 244.78
47 48 9.39
47 124 15.4
47 125 2.01
48 41 10.68
48 47 5.02
48 108 16.74
49 46 25.47
49 50 7.94
50 4 14.73
50 49 19.51
51 59 26.72
52 137 11.6
52 59 20.7
53 21 57.21
53 133 20.79
53 134 18.32
53 71 138.36
53 72 133.04
53 54 5.82
53 56 30.32
54 53 14.31
54 59 14.58
55 24 60.1
55 119 44.61
55 71 127.83
56 53 12.35
56 75 32.66
57 58 14.72
57 59 46.52
57 60 25.52
57 61 75.6
57 80 41.09
58 57 27.56
58 82 58.87
59 51 10.88
59 52 11.06
59 54 35.8
59 57 24.86
59 60 12.1
59 61 100.41
60 57 13.64
60 59 22.65
61 35 34.22
61 57 141.49
61 59 187.93
61 62 49.08
61 70 40.47
61 72 59.43
62 61 19.99
62 63 13.61
63 62 5.54
63 65 33.91
63 64 15.96
64 63 6.5
64 81 13.1
65 63 13.81
65 66 40.27
66 65 16.4
66 99 19.91
67 99 36.3
68 99 25.96
68 88 32.45
69 36 32.23
69 70 11.6
70 61 99.39
70 69 6.2
70 80 87.93
71 53 286.08
71 55 313.95
71 119 334.93
72 16 20.83
72 53 249.0
72 61 31.75
72 73 19.35
72 96 101.26
73 72 10.34
73 74 17.8
74 73 7.25
74 121 48.7
74 97 23.25
75 38 43.78
75 56 17.45
76 98 53.61
76 83 21.47
77 25 22.94
77 98 12.52
77 100 30.12
77 78 26.59
78 77 10.83
78 103 28.47
78 79 10.78
79 78 20.17
79 85 12.86
79 86 12.74
80 57 100.92
80 70 46.98
81 64 24.52
81 82 64.25
82 27 37.88
82 28 41.56
82 58 23.97
82 81 34.33
82 83 11.77
83 76 40.19
83 82 4.79
84 142 21.94
84 87 8.51
85 26 11.18
85 79 24.07
85 86 3.96
86 79 23.84
86 85 9.72
87 84 4.55
87 108 9.16
88 68 13.21
88 89 9.26
88 96 5.46
89 88 17.34
89 94 16.24
89 95 17.42
89 96 5.99
90 91 5.81
90 93 8.8
91 90 10.88
91 92 15.4
92 2 23.33
92 91 8.23
92 93 7.03
92 95 24.52
92 106 10.56
93 90 16.48
93 92 13.16
94 89 39.88
94 121 23.08
95 89 7.09
95 92 60.22
95 127 49.48
96 72 41.23
96 88 13.42
96 89 11.21
96 97 21.56
96 121 19.39
97 74 9.47
97 96 52.95
98 76 21.83
98 77 23.43
98 99 14.72
99 66 8.11
99 67 14.78
99 68 13.87
99 98 27.56
99 101 19.65
99 105 67.76
100 77 16.1
100 101 14.0
100 103 31.61
101 99 8.0
101 100 34.38
102 105 12.93
102 103 38.69
103 78 11.59
103 100 16.89
103 102 20.67
104 105 13.08
104 107 8.14
105 99 27.59
105 102 6.91
105 104 6.99
106 92 25.95
106 107 14.42
107 104 15.24
107 106 7.7
108 48 8.95
108 87 17.14
109 43 8.3
109 44 6.41
109 142 8.52
110 117 6.49
110 111 27.28
111 110 14.58
111 113 5.89
111 112 8.44
111 114 20.19
112 111 15.8
113 111 11.02
113 118 5.86
114 111 49.58
114 145 16.17
114 130 9.25
114 115 5.19
114 116 15.82
115 114 12.76
115 116 17.87
116 114 8.45
116 115 7.28
116 117 20.05
117 110 12.14
117 116 8.16
118 33 20.99
118 34 24.76
118 113 2.38
119 38 89.92
119 55 83.5
119 71 178.96
120 20 11.11
120 121 61.9
120 123 23.19
121 74 19.83
121 94 12.33
121 96 36.28
121 120 33.07
121 126 34.22
122 129 12.48
123 120 12.39
123 124 10.38
124 47 28.83
124 123 5.55
125 46 5.03
125 47 4.93
126 121 18.28
126 128 23.51
127 2 30.58
127 95 26.44
127 129 24.2
127 128 14.22
128 2 65.47
128 126 12.56
128 127 34.92
128 129 9.58
129 47 27.15
129 122 30.64
129 127 45.29
129 128 17.93
130 33 42.07
130 47 458.11
130 114 17.31
130 131 20.52
130 145 7.23
130 144 10.85
131 33 45.4
131 130 38.41
131 135 36.73
132 33 10.32
132 133 4.87
133 53 38.91
133 132 11.95
134 53 34.28
134 137 17.84
135 131 14.96
135 136 25.81
136 135 63.39
136 137 6.95
137 52 21.71
137 134 43.8
137 136 13.0
138 139 10.03
138 140 24.64
139 138 18.77
139 141 9.4
140 44 13.41
140 138 10.03
141 139 3.83
141 142 6.2
141 143 15.64
142 84 8.93
142 109 20.92
142 141 11.6
142 143 9.52
143 41 18.31
143 141 29.27
143 142 17.81
144 130 26.65
145 114 30.27
145 130 13.54
