1 9 22.58
1 11 32.83
2 92 83.82
2 127 19.61
2 128 41.99
3 4 51.81
3 6 24.02
4 3 23.95
4 50 70.57
5 6 91.29
6 3 7.9
6 5 197.51
6 9 32.92
6 7 32.81
7 6 10.79
7 8 14.2
8 7 30.73
8 10 18.06
9 1 10.44
9 6 100.12
10 8 54.93
10 19 47.9
10 20 152.67
11 1 99.85
11 14 41.64
12 17 7.53
12 18 15.93
12 13 30.94
12 32 21.26
13 12 10.17
13 14 36.28
13 31 29.04
14 11 19.24
14 13 16.77
15 36 51.04
15 31 150.14
16 19 7.27
16 20 114.23
16 72 74.84
17 12 22.9
17 18 8.54
18 12 48.44
18 17 25.97
19 10 22.14
19 16 22.12
20 10 50.2
20 16 37.56
20 120 39.93
21 27 25.38
21 53 50.75
21 22 4.19
22 21 12.74
22 26 126.77
23 30 0.17
23 38 59.47
23 24 21.98
24 23 66.85
24 26 42.53
24 55 53.32
25 26 104.07
25 28 16.01
25 77 82.41
26 22 41.68
26 24 13.98
26 25 48.1
26 85 40.17
26 30 38.76
27 21 54.92
27 82 33.6
28 25 48.68
28 82 26.66
29 38 103.7
30 23 0.05
30 26 12.74
31 13 13.42
31 15 49.37
32 12 46.0
32 35 69.39
33 130 37.32
33 131 29.12
33 132 6.62
33 118 75.43
34 118 21.96
34 39 8.53
35 32 22.82
35 61 163.95
36 15 16.78
36 69 115.8
37 38 50.48
37 40 15.61
38 23 128.67
38 29 34.1
38 37 23.33
38 75 38.84
38 119 79.78
39 34 25.94
39 40 50.86
40 37 33.77
40 39 16.72
41 42 12.67
41 143 65.79
41 48 6.85
42 41 27.41
42 47 5.06
43 109 29.83
44 140 48.19
44 109 5.69
45 47 5.59
46 49 16.34
46 125 18.08
47 42 10.96
47 45 1.84
47 129 97.54
47 130 406.44
47 48 18.02
47 124 25.58
47 125 3.16
48 41 20.83
48 47 8.33
48 108 32.14
49 46 49.69
49 50 12.51
50 4 23.2
50 49 38.05
51 59 52.12
52 137 19.26
52 59 39.74
53 21 109.82
53 133 34.52
53 134 30.41
53 71 229.75
53 72 220.91
53 54 9.18
53 56 59.15
54 53 27.9
54 59 22.96
55 24 115.37
55 119 74.08
55 71 201.36
56 53 19.45
56 75 62.68
57 58 24.45
57 59 89.3
57 60 48.99
57 61 125.53
57 80 64.73
58 57 52.9
58 82 114.84
59 51 17.14
59 52 18.37
59 54 69.83
59 57 41.27
59 60 20.1
59 61 166.73
60 57 22.64
60 59 43.49
61 35 53.91
61 57 271.61
61 59 360.75
61 62 95.74
61 70 63.75
61 72 114.07
62 61 31.48
62 63 26.55
63 62 8.73
63 65 66.14
63 64 31.13
64 63 10.23
64 81 21.75
65 63 21.75
65 66 78.56
66 65 25.83
66 99 38.84
67 99 70.81
68 99 49.83
68 88 63.29
69 36 53.52
69 70 22.27
70 61 193.88
70 69 10.29
70 80 168.8
71 53 558.04
71 55 612.41
71 119 642.93
72 16 34.59
72 53 477.98
72 61 52.72
72 73 37.15
72 96 197.53
73 72 17.17
73 74 34.71
74 73 11.41
74 121 95.0
74 97 45.36
75 38 84.04
75 56 28.97
76 98 104.57
76 83 35.66
77 25 38.09
77 98 20.79
77 100 57.82
77 78 51.86
78 77 17.05
78 103 55.53
78 79 17.89
79 78 38.71
79 85 21.35
79 86 21.15
80 57 196.86
80 70 78.02
81 64 47.07
81 82 123.33
82 27 72.71
82 28 81.07
82 58 37.76
82 81 57.0
82 83 22.97
83 76 77.15
83 82 7.55
84 142 42.8
84 87 16.34
85 26 18.57
85 79 46.2
85 86 6.23
86 79 45.77
86 85 18.96
87 84 7.55
87 108 15.2
88 68 20.81
88 89 15.38
88 96 8.61
89 88 33.28
89 94 25.58
89 95 33.98
89 96 9.95
90 91 9.65
90 93 14.62
91 90 20.88
91 92 29.56
92 2 38.74
92 91 13.66
92 93 11.68
92 95 38.62
92 106 16.64
93 90 31.63
93 92 25.27
94 89 77.79
94 121 44.3
95 89 11.17
95 92 117.46
95 127 94.97
96 72 64.95
96 88 26.18
96 89 21.52
96 97 33.96
96 121 32.19
97 74 14.91
97 96 103.29
98 76 34.38
98 77 44.98
98 99 24.45
99 66 12.77
99 67 23.28
99 68 23.03
99 98 52.9
99 101 38.32
99 105 132.18
100 77 26.73
100 101 22.05
100 103 60.67
101 99 12.6
101 100 67.05
102 105 24.82
102 103 74.27
103 78 18.26
103 100 28.04
103 102 34.32
104 105 25.1
104 107 13.52
105 99 43.46
105 102 11.47
105 104 11.6
106 92 50.61
106 107 27.67
107 104 29.25
107 106 12.79
108 48 14.85
108 87 32.89
109 43 13.79
109 44 12.31
109 142 13.42
110 117 10.77
110 111 52.37
111 110 24.2
111 113 9.78
111 112 14.02
111 114 31.8
112 111 30.33
113 111 21.16
113 118 11.42
114 111 96.72
114 145 26.86
114 130 15.36
114 115 8.18
114 116 30.37
115 114 24.88
115 116 34.86
116 114 14.04
116 115 11.46
116 117 39.11
117 110 23.31
117 116 12.86
118 33 34.86
118 34 47.52
118 113 3.76
119 38 172.61
119 55 160.28
119 71 297.15
120 20 18.45
120 121 118.82
120 123 44.52
121 74 31.24
121 94 20.48
121 96 69.65
121 120 54.92
121 126 65.68
122 129 19.65
123 120 20.57
123 124 19.93
124 47 55.34
124 123 9.21
125 46 8.36
125 47 9.62
126 121 30.36
126 128 45.13
127 2 59.65
127 95 43.89
127 129 40.18
127 128 22.4
128 2 127.7
128 126 20.86
128 127 68.12
128 129 15.91
129 47 45.08
129 122 59.76
129 127 86.94
129 128 34.42
130 33 80.75
130 47 879.39
130 114 33.23
130 131 34.08
130 145 12.01
130 144 17.1
131 33 88.56
131 130 73.73
131 135 71.65
132 33 20.13
132 133 7.66
133 53 74.69
133 132 23.31
134 53 65.8
134 137 28.1
135 131 23.56
135 136 40.66
136 135 123.65
136 137 11.54
137 52 41.67
137 134 85.45
137 136 24.96
138 139 16.65
138 140 48.06
139 138 36.02
139 141 18.34
140 44 22.27
140 138 15.8
141 139 6.03
141 142 10.29
141 143 25.97
142 84 14.07
142 109 40.81
142 141 22.26
142 143 15.8
143 41 30.41
143 141 56.19
143 142 34.19
144 130 51.99
145 114 58.11
145 130 25.98
