1 9 4.49
1 11 25.35
2 92 76.65
2 127 15.14
2 128 32.42
3 4 10.31
3 6 6.1
4 3 47.38
4 50 17.92
5 6 180.62
6 3 17.11
6 5 39.3
6 9 71.3
6 7 23.37
7 6 8.33
7 8 28.11
8 7 6.11
8 10 39.12
9 1 20.65
9 6 25.42
10 8 13.94
10 19 43.8
10 20 38.76
11 1 71.11
11 14 38.07
12 17 5.81
12 18 34.49
12 13 7.86
12 32 42.06
13 12 22.04
13 14 7.22
13 31 26.56
14 11 8.28
14 13 33.18
15 36 36.35
15 31 38.12
16 19 15.75
16 20 29.0
16 72 68.44
17 12 16.31
17 18 18.49
18 12 12.3
18 17 6.59
19 10 9.53
19 16 5.61
20 10 38.76
20 16 81.35
20 120 7.94
21 27 10.93
21 53 100.42
21 22 9.08
22 21 3.24
22 26 32.19
23 30 0.04
23 38 117.67
23 24 47.61
24 23 16.97
24 26 10.8
24 55 105.5
25 26 95.17
25 28 34.67
25 77 16.4
26 22 90.28
26 24 30.29
26 25 20.71
26 85 7.99
26 30 27.6
27 21 50.22
27 82 14.47
28 25 12.36
28 82 20.58
29 38 73.85
30 23 0.04
30 26 9.84
31 13 5.78
31 15 106.92
32 12 9.15
32 35 49.42
33 130 73.84
33 131 63.07
33 132 5.11
33 118 68.98
34 118 43.46
34 39 6.59
35 32 17.62
35 61 116.76
36 15 12.96
36 69 105.9
37 38 10.04
37 40 30.88
38 23 25.6
38 29 26.33
38 37 46.16
38 75 76.85
38 119 157.85
39 34 18.48
39 40 12.91
40 37 6.72
40 39 36.22
41 42 25.07
41 143 13.09
41 48 5.29
42 41 5.45
42 47 2.18
43 109 5.94
44 140 9.59
44 109 2.45
45 47 1.42
46 49 35.39
46 125 16.54
47 42 10.02
47 45 3.98
47 129 89.2
47 130 804.17
47 48 3.58
47 124 50.6
47 125 2.44
48 41 14.83
48 47 16.48
48 108 6.39
49 46 12.62
49 50 27.1
50 4 50.26
50 49 9.66
51 59 13.23
52 137 38.11
52 59 7.91
53 21 21.85
53 133 68.3
53 134 60.18
53 71 98.9
53 72 95.1
53 54 7.08
53 56 42.13
54 53 19.87
54 59 17.73
55 24 22.95
55 119 146.58
55 71 155.48
56 53 15.02
56 75 57.32
57 58 10.52
57 59 81.66
57 60 44.8
57 61 54.04
57 80 49.98
58 57 48.37
58 82 29.16
59 51 37.12
59 52 36.34
59 54 49.73
59 57 17.77
59 60 8.65
59 61 71.77
60 57 9.75
60 59 39.77
61 35 41.62
61 57 248.38
61 59 329.89
61 62 68.18
61 70 138.07
61 72 22.7
62 61 24.31
62 63 18.91
63 62 6.74
63 65 47.1
63 64 22.17
64 63 7.9
64 81 43.04
65 63 16.79
65 66 55.94
66 65 19.94
66 99 9.86
67 99 17.98
68 99 45.56
68 88 16.07
69 36 23.04
69 70 4.43
70 61 49.22
70 69 20.36
70 80 154.36
71 53 397.42
71 55 436.13
71 119 587.94
72 16 14.89
72 53 437.09
72 61 104.32
72 73 7.39
72 96 140.67
73 72 33.97
73 74 8.81
74 73 8.81
74 121 24.12
74 97 32.3
75 38 16.72
75 56 12.47
76 98 26.55
76 83 70.55
77 25 75.36
77 98 8.95
77 100 11.5
77 78 36.93
78 77 13.17
78 103 14.1
78 79 35.4
79 78 7.7
79 85 42.25
79 86 41.86
80 57 140.2
80 70 33.58
81 64 9.36
81 82 112.79
82 27 66.49
82 28 57.73
82 58 81.79
82 81 24.54
82 83 5.83
83 76 15.35
83 82 16.36
84 142 10.87
84 87 14.94
85 26 36.74
85 79 9.19
85 86 4.81
86 79 9.11
86 85 13.5
87 84 3.25
87 108 30.08
88 68 45.08
88 89 6.62
88 96 6.65
89 88 30.43
89 94 19.75
89 95 8.63
89 96 19.68
90 91 4.15
90 93 28.92
91 90 19.09
91 92 27.03
92 2 16.68
92 91 5.88
92 93 23.11
92 95 29.82
92 106 36.04
93 90 6.29
93 92 5.03
94 89 55.4
94 121 8.81
95 89 24.2
95 92 83.65
95 127 18.9
96 72 50.15
96 88 18.64
96 89 4.28
96 97 26.22
96 121 13.86
97 74 11.52
97 96 73.56
98 76 74.47
98 77 41.13
98 99 10.52
99 66 27.66
99 67 50.43
99 68 9.91
99 98 48.37
99 101 27.29
99 105 33.56
100 77 52.88
100 101 17.02
100 103 55.49
101 99 9.73
101 100 47.75
102 105 4.94
102 103 67.91
103 78 39.54
103 100 12.07
103 102 14.78
104 105 22.95
104 107 5.82
105 99 94.13
105 102 22.69
105 104 4.99
106 92 12.85
106 107 25.31
107 104 26.75
107 106 5.51
108 48 29.39
108 87 6.54
109 43 27.28
109 44 11.25
109 142 10.36
110 117 21.31
110 111 10.42
111 110 47.89
111 113 19.35
111 112 27.74
111 114 68.88
112 111 6.03
113 111 4.21
113 118 8.14
114 111 24.55
114 145 11.56
114 130 6.61
114 115 17.72
114 116 27.77
115 114 6.32
115 116 24.82
116 114 6.04
116 115 8.85
116 117 9.93
117 110 4.64
117 116 27.85
118 33 15.01
118 34 9.45
118 113 2.9
119 38 34.34
119 55 31.89
119 71 127.91
120 20 36.51
120 121 108.66
120 123 8.86
121 74 67.66
121 94 40.51
121 96 63.69
121 120 23.64
121 126 13.07
122 129 15.17
123 120 40.71
123 124 3.97
124 47 11.01
124 123 18.23
125 46 3.6
125 47 6.85
126 121 60.06
126 128 8.98
127 2 42.48
127 95 86.85
127 129 17.3
127 128 17.29
128 2 90.94
128 126 41.27
128 127 48.51
128 129 6.85
129 47 19.41
129 122 42.56
129 127 79.51
129 128 31.48
130 33 16.07
130 47 174.96
130 114 30.39
130 131 14.67
130 145 5.17
130 144 37.03
131 33 22.48
131 130 67.43
131 135 18.19
132 33 14.33
132 133 5.92
133 53 14.86
133 132 16.6
134 53 13.09
134 137 21.69
135 131 51.03
135 136 31.39
136 135 88.06
136 137 4.97
137 52 8.29
137 134 60.85
137 136 22.83
138 139 32.94
138 140 34.22
139 138 7.17
139 141 13.06
140 44 44.07
140 138 12.2
141 139 4.66
141 142 20.36
141 143 51.39
142 84 30.48
142 109 29.06
142 141 4.43
142 143 31.26
143 41 60.16
143 141 11.18
143 142 6.8
144 130 13.2
145 114 53.14
145 130 23.76
