1 9 20.65
1 11 25.35
2 92 23.89
2 127 15.14
2 128 32.42
3 4 47.38
3 6 19.57
4 3 10.31
4 50 57.49
5 6 39.3
6 3 4.26
6 5 180.62
6 9 17.74
6 7 23.37
7 6 8.33
7 8 6.11
8 7 28.11
8 10 9.73
9 1 4.49
9 6 81.55
10 8 44.74
10 19 13.65
10 20 124.36
11 1 71.11
11 14 11.87
12 17 5.81
12 18 8.58
12 13 25.2
12 32 9.15
13 12 5.48
13 14 33.18
13 31 8.28
14 11 33.29
14 13 7.22
15 36 36.35
15 31 122.3
16 19 3.92
16 20 93.05
16 72 21.33
17 12 16.31
17 18 4.6
18 12 39.46
18 17 21.15
19 10 38.29
19 16 18.02
20 10 38.76
20 16 20.24
20 120 36.51
21 27 43.91
21 53 21.85
21 22 2.26
22 21 10.38
22 26 103.27
23 30 0.14
23 38 25.6
23 24 11.85
24 23 54.45
24 26 34.65
24 55 22.95
25 26 29.66
25 28 8.63
25 77 75.36
26 22 22.47
26 24 7.54
26 25 83.2
26 85 36.74
26 30 27.6
27 21 15.65
27 82 58.13
28 25 39.65
28 82 20.58
29 38 73.85
30 23 0.04
30 26 9.84
31 13 23.22
31 15 26.61
32 12 42.06
32 35 49.42
33 130 16.07
33 131 15.7
33 132 5.11
33 118 21.5
34 118 9.45
34 39 6.59
35 32 17.62
35 61 116.76
36 15 12.96
36 69 33.0
37 38 46.16
37 40 6.72
38 23 117.67
38 29 26.33
38 37 10.04
38 75 16.72
38 119 34.34
39 34 18.48
39 40 41.43
40 37 30.88
40 39 9.01
41 42 5.45
41 143 60.16
41 48 5.29
42 41 25.07
42 47 8.76
43 109 27.28
44 140 44.07
44 109 9.84
45 47 4.55
46 49 8.81
46 125 5.15
47 42 3.12
47 45 0.99
47 129 27.8
47 130 174.96
47 48 16.48
47 124 11.01
47 125 2.44
48 41 14.83
48 47 3.58
48 108 29.39
49 46 40.48
49 50 6.74
50 4 12.51
50 49 31.0
51 59 42.45
52 137 8.29
52 59 36.34
53 21 100.42
53 133 14.86
53 134 13.09
53 71 397.42
53 72 382.13
53 54 7.08
53 56 42.13
54 53 19.87
54 59 17.73
55 24 105.5
55 119 31.89
55 71 155.48
56 53 15.02
56 75 17.87
57 58 42.29
57 59 25.45
57 60 13.96
57 61 217.15
57 80 49.98
58 57 15.08
58 82 93.55
59 51 9.24
59 52 7.91
59 54 49.73
59 57 71.39
59 60 34.77
59 61 288.41
60 57 39.17
60 59 12.39
61 35 41.62
61 57 77.41
61 59 102.82
61 62 68.18
61 70 34.36
61 72 104.32
62 61 24.31
62 63 18.91
63 62 6.74
63 65 47.1
63 64 22.17
64 63 7.9
64 81 9.36
65 63 16.79
65 66 55.94
66 65 19.94
66 99 31.63
67 99 57.68
68 99 14.2
68 88 51.56
69 36 92.58
69 70 20.36
70 61 157.93
70 69 4.43
70 80 48.11
71 53 397.42
71 55 436.13
71 119 183.24
72 16 59.83
72 53 136.23
72 61 22.7
72 73 33.97
72 96 140.67
73 72 7.39
73 74 28.28
74 73 8.81
74 121 77.39
74 97 32.3
75 38 76.85
75 56 50.12
76 98 85.18
76 83 15.35
77 25 16.4
77 98 35.96
77 100 52.88
77 78 36.93
78 77 13.17
78 103 45.23
78 79 7.7
79 78 35.4
79 85 9.19
79 86 9.11
80 57 140.2
80 70 134.95
81 64 43.04
81 82 35.15
82 27 20.72
82 28 57.73
82 58 20.35
82 81 98.6
82 83 18.71
83 76 70.55
83 82 4.07
84 142 34.86
84 87 4.66
85 26 7.99
85 79 42.25
85 86 4.81
86 79 41.86
86 85 13.5
87 84 13.06
87 108 6.54
88 68 11.22
88 89 26.61
88 96 6.65
89 88 9.49
89 94 19.75
89 95 27.68
89 96 4.28
90 91 16.69
90 93 6.29
91 90 5.95
91 92 8.42
92 2 67.01
92 91 23.63
92 93 5.03
92 95 29.82
92 106 8.97
93 90 28.92
93 92 23.11
94 89 55.4
94 121 40.51
95 89 6.02
95 92 83.65
95 127 86.85
96 72 50.15
96 88 18.64
96 89 19.68
96 97 26.22
96 121 55.68
97 74 11.52
97 96 73.56
98 76 18.53
98 77 12.82
98 99 42.29
99 66 6.88
99 67 12.55
99 68 39.83
99 98 15.08
99 101 27.29
99 105 107.67
100 77 11.5
100 101 17.02
100 103 17.29
101 99 9.73
101 100 47.75
102 105 22.69
102 103 21.17
103 78 9.84
103 100 48.51
103 102 59.37
104 105 7.15
104 107 23.38
105 99 23.43
105 102 4.94
105 104 20.07
106 92 41.23
106 107 7.89
107 104 8.34
107 106 22.12
108 48 6.39
108 87 30.08
109 43 5.94
109 44 3.51
109 142 10.36
110 117 4.64
110 111 47.89
111 110 10.42
111 113 4.21
111 112 6.03
111 114 17.14
112 111 27.74
113 111 19.35
113 118 8.14
114 111 78.78
114 145 46.45
114 130 26.57
114 115 4.41
114 116 8.65
115 114 20.27
115 116 24.82
116 114 24.28
116 115 8.85
116 117 31.86
117 110 21.31
117 116 6.93
118 33 60.3
118 34 43.46
118 113 2.9
119 38 157.85
119 55 146.58
119 71 514.01
120 20 7.94
120 121 33.87
120 123 40.71
121 74 16.84
121 94 8.81
121 96 19.85
121 120 95.0
121 126 60.06
122 129 15.17
123 120 8.86
123 124 18.23
124 47 50.6
124 123 3.97
125 46 14.46
125 47 6.85
126 121 13.07
126 128 41.27
127 2 42.48
127 95 18.9
127 129 69.51
127 128 17.29
128 2 90.94
128 126 8.98
128 127 48.51
128 129 27.52
129 47 77.98
129 122 42.56
129 127 24.78
129 128 9.81
130 33 73.84
130 47 804.17
130 114 9.47
130 131 58.95
130 145 20.77
130 144 9.21
131 33 72.14
131 130 21.01
131 135 58.37
132 33 14.33
132 133 5.92
133 53 68.3
133 132 16.6
134 53 60.18
134 137 21.69
135 131 12.7
135 136 31.39
136 135 88.06
136 137 19.96
137 52 38.11
137 134 60.85
137 136 7.11
138 139 7.17
138 140 34.22
139 138 32.94
139 141 13.06
140 44 9.59
140 138 12.2
141 139 4.66
141 142 4.43
141 143 11.18
142 84 7.58
142 109 29.06
142 141 20.36
142 143 6.8
143 41 13.09
143 141 51.39
143 142 31.26
144 130 42.35
145 114 16.56
145 130 7.41
