1 9 30.73
1 11 105.47
2 92 19.64
2 127 63.01
2 128 134.89
3 4 70.5
3 6 25.37
4 3 12.14
4 50 74.54
5 6 46.28
6 3 7.99
6 5 268.76
6 9 33.32
6 7 10.92
7 6 34.66
7 8 7.2
8 7 41.82
8 10 18.28
9 1 5.29
9 6 105.75
10 8 58.02
10 19 11.22
10 20 161.26
11 1 33.23
11 14 9.76
12 17 24.19
12 18 16.12
12 13 32.68
12 32 10.78
13 12 10.3
13 14 49.37
13 31 6.8
14 11 56.65
14 13 8.5
15 36 16.98
15 31 158.59
16 19 7.36
16 20 120.66
16 72 17.54
17 12 7.62
17 18 8.64
18 12 51.16
18 17 27.43
19 10 65.18
19 16 23.36
20 10 161.26
20 16 38.02
20 120 54.33
21 27 74.73
21 53 25.73
21 22 4.24
22 21 13.46
22 26 133.91
23 30 0.18
23 38 30.15
23 24 22.25
24 23 70.61
24 26 44.93
24 55 27.04
25 26 24.39
25 28 16.2
25 77 112.14
26 22 42.19
26 24 14.16
26 25 141.61
26 85 54.66
26 30 12.9
27 21 12.87
27 82 98.93
28 25 51.42
28 82 85.63
29 38 34.51
30 23 0.18
30 26 40.94
31 13 39.51
31 15 49.97
32 12 62.59
32 35 23.09
33 130 18.92
33 131 29.47
33 132 21.26
33 118 17.68
34 118 11.14
34 39 27.4
35 32 73.3
35 61 54.57
36 15 53.91
36 69 27.14
37 38 68.69
37 40 7.91
38 23 175.09
38 29 109.53
38 37 11.83
38 75 19.69
38 119 40.45
39 34 8.63
39 40 53.72
40 37 45.95
40 39 16.93
41 42 6.42
41 143 89.52
41 48 22.0
42 41 37.3
42 47 14.91
43 109 40.59
44 140 65.57
44 109 16.75
45 47 5.9
46 49 16.54
46 125 4.24
47 42 2.57
47 45 1.86
47 129 22.86
47 130 206.07
47 48 24.52
47 124 12.97
47 125 10.16
48 41 6.93
48 47 4.22
48 108 43.73
49 46 52.49
49 50 12.66
50 4 23.49
50 49 40.19
51 59 55.05
52 137 9.77
52 59 54.08
53 21 149.43
53 133 17.5
53 134 15.42
53 71 676.39
53 72 650.38
53 54 29.48
53 56 19.69
54 53 9.29
54 59 73.76
55 24 156.99
55 119 37.56
55 71 646.88
56 53 62.48
56 75 14.69
57 58 71.98
57 59 20.93
57 60 11.48
57 61 369.58
57 80 207.94
58 57 12.4
58 82 121.31
59 51 17.35
59 52 9.31
59 54 23.24
59 57 121.51
59 60 59.17
59 61 490.87
60 57 66.66
60 59 10.19
61 35 173.18
61 57 63.65
61 59 84.54
61 62 31.86
61 70 64.52
61 72 155.22
62 61 101.13
62 63 8.84
63 62 28.05
63 65 22.01
63 64 10.36
64 63 32.88
64 81 11.03
65 63 69.87
65 66 26.14
66 65 82.98
66 99 41.02
67 99 74.8
68 99 11.68
68 88 66.86
69 36 157.57
69 70 30.3
70 61 204.79
70 69 5.22
70 80 39.56
71 53 185.72
71 55 203.81
71 119 150.66
72 16 101.84
72 53 112.01
72 61 26.73
72 73 50.54
72 96 65.74
73 72 8.7
73 74 36.67
74 73 36.67
74 121 100.35
74 97 15.1
75 38 114.35
75 56 85.3
76 98 110.46
76 83 18.08
77 25 19.31
77 98 61.2
77 100 78.68
77 78 17.26
78 77 54.78
78 103 58.65
78 79 9.07
79 78 52.68
79 85 10.83
79 86 10.73
80 57 65.52
80 70 229.68
81 64 64.05
81 82 28.9
82 27 17.04
82 28 26.98
82 58 38.22
82 81 167.82
82 83 24.26
83 76 104.98
83 82 7.64
84 142 45.21
84 87 3.83
85 26 9.41
85 79 62.86
85 86 20.02
86 79 62.28
86 85 6.31
87 84 22.23
87 108 7.71
88 68 21.06
88 89 45.28
88 96 27.65
89 88 7.8
89 94 82.17
89 95 35.89
89 96 5.04
90 91 28.41
90 93 7.41
91 90 4.89
91 92 6.93
92 2 114.05
92 91 40.22
92 93 5.92
92 95 124.07
92 106 16.84
93 90 43.03
93 92 34.38
94 89 25.89
94 121 60.28
95 89 11.31
95 92 39.09
95 127 129.23
96 72 208.65
96 88 8.71
96 89 29.28
96 97 109.11
96 121 94.77
97 74 47.91
97 96 34.38
98 76 34.8
98 77 10.54
98 99 71.98
99 66 12.92
99 67 23.57
99 68 67.8
99 98 12.4
99 101 12.75
99 105 139.62
100 77 13.55
100 101 70.83
100 103 14.22
101 99 40.48
101 100 22.32
102 105 33.77
102 103 17.4
103 78 18.48
103 100 82.56
103 102 101.05
104 105 5.88
104 107 39.8
105 99 43.99
105 102 5.82
105 104 34.15
106 92 53.46
106 107 6.48
107 104 6.85
107 106 37.65
108 48 7.53
108 87 44.76
109 43 6.99
109 44 2.88
109 142 43.11
110 117 5.46
110 111 71.26
111 110 12.27
111 113 4.96
111 112 7.11
111 114 32.19
112 111 41.27
113 111 28.79
113 118 3.8
114 111 102.16
114 145 79.06
114 130 45.22
114 115 8.28
114 116 7.12
115 114 26.28
115 116 11.6
116 114 41.32
116 115 36.82
116 117 41.31
117 110 31.72
117 116 13.02
118 33 102.63
118 34 64.66
118 113 12.07
119 38 234.88
119 55 218.1
119 71 874.83
120 20 9.36
120 121 27.84
120 123 60.57
121 74 31.62
121 94 10.38
121 96 16.32
121 120 161.68
121 126 89.37
122 129 63.13
123 120 10.43
123 124 27.12
124 47 75.3
124 123 4.67
125 46 24.61
125 47 3.2
126 121 15.39
126 128 61.41
127 2 19.85
127 95 22.26
127 129 118.3
127 128 71.95
128 2 42.5
128 126 10.58
128 127 22.67
128 129 46.83
129 47 132.72
129 122 19.89
129 127 20.37
129 128 8.07
130 33 109.87
130 47 1196.59
130 114 7.79
130 131 100.33
130 145 35.36
130 144 17.3
131 33 93.55
131 130 17.28
131 135 75.69
132 33 6.7
132 133 24.62
133 53 101.62
133 132 7.76
134 53 89.54
134 137 90.26
135 131 23.85
135 136 130.61
136 135 41.15
136 137 33.97
137 52 56.7
137 134 28.44
137 136 5.85
138 139 8.44
138 140 15.99
139 138 49.02
139 141 6.1
140 44 11.29
140 138 50.76
141 139 19.37
141 142 5.22
141 143 13.17
142 84 14.24
142 109 13.58
142 141 30.29
142 143 8.01
143 41 15.42
143 141 76.46
143 142 46.52
144 130 54.92
145 114 13.62
145 130 6.09
