1 9 8.33
1 11 41.11
2 92 94.09
2 127 24.56
2 128 52.58
3 4 19.13
3 6 9.89
4 3 58.17
4 50 29.05
5 6 221.73
6 3 21.4
6 5 72.91
6 9 89.18
6 7 29.23
7 6 13.51
7 8 34.5
8 7 11.34
8 10 48.93
9 1 25.35
9 6 41.22
10 8 22.61
10 19 53.77
10 20 62.85
11 1 88.94
11 14 46.74
12 17 9.43
12 18 43.15
12 13 12.74
12 32 51.64
13 12 27.56
13 14 13.39
13 31 32.6
14 11 15.37
14 13 40.73
15 36 45.46
15 31 61.81
16 19 19.7
16 20 47.03
16 72 84.02
17 12 20.4
17 18 23.13
18 12 19.94
18 17 10.69
19 10 17.68
19 16 9.11
20 10 62.85
20 16 101.75
20 120 14.74
21 27 20.27
21 53 123.28
21 22 11.35
22 21 5.25
22 26 52.19
23 30 0.07
23 38 144.45
23 24 59.55
24 23 27.52
24 26 17.51
24 55 129.52
25 26 116.83
25 28 43.36
25 77 30.42
26 22 112.93
26 24 37.89
26 25 38.41
26 85 14.83
26 30 34.52
27 21 61.66
27 82 26.84
28 25 20.04
28 82 33.38
29 38 92.37
30 23 0.07
30 26 15.96
31 13 10.72
31 15 133.74
32 12 16.98
32 35 61.81
33 130 90.65
33 131 78.89
33 132 8.29
33 118 84.68
34 118 53.35
34 39 10.68
35 32 28.57
35 61 146.05
36 15 21.01
36 69 130.0
37 38 18.63
37 40 37.91
38 23 47.5
38 29 42.69
38 37 56.67
38 75 94.35
38 119 193.78
39 34 23.11
39 40 20.94
40 37 12.46
40 39 45.31
41 42 30.77
41 143 24.28
41 48 8.58
42 41 10.12
42 47 4.04
43 109 11.01
44 140 17.79
44 109 4.54
45 47 2.3
46 49 44.26
46 125 20.3
47 42 12.3
47 45 4.98
47 129 109.5
47 130 987.22
47 48 6.65
47 124 62.12
47 125 3.96
48 41 18.56
48 47 20.23
48 108 11.86
49 46 20.46
49 50 33.9
50 4 62.86
50 49 15.67
51 59 21.46
52 137 46.78
52 59 14.67
53 21 40.54
53 133 83.84
53 134 73.87
53 71 183.49
53 72 176.43
53 54 11.49
53 56 52.69
54 53 24.86
54 59 28.75
55 24 42.59
55 119 179.94
55 71 252.13
56 53 24.35
56 75 70.37
57 58 19.53
57 59 100.25
57 60 55.0
57 61 100.26
57 80 81.05
58 57 59.38
58 82 47.28
59 51 46.43
59 52 44.61
59 54 62.2
59 57 32.96
59 60 16.05
59 61 133.16
60 57 18.08
60 59 48.82
61 35 67.5
61 57 304.91
61 59 404.98
61 62 85.28
61 70 172.7
61 72 42.11
62 61 39.42
62 63 23.65
63 62 10.93
63 65 58.92
63 64 27.73
64 63 12.81
64 81 52.84
65 63 27.23
65 66 69.98
66 65 32.34
66 99 15.99
67 99 29.15
68 99 55.94
68 88 26.06
69 36 42.75
69 70 8.22
70 61 79.82
70 69 25.0
70 80 189.5
71 53 497.09
71 55 545.52
71 119 721.77
72 16 27.63
72 53 536.59
72 61 128.06
72 73 13.71
72 96 175.95
73 72 41.7
73 74 14.29
74 73 14.29
74 121 39.11
74 97 40.41
75 38 31.02
75 56 23.14
76 98 43.05
76 83 86.61
77 25 92.51
77 98 16.6
77 100 21.34
77 78 46.2
78 77 21.35
78 103 22.86
78 79 43.46
79 78 14.29
79 85 51.86
79 86 51.38
80 57 175.36
80 70 62.31
81 64 17.37
81 82 138.46
82 27 81.62
82 28 72.21
82 58 102.3
82 81 45.53
82 83 9.46
83 76 28.48
83 82 20.46
84 142 17.62
84 87 18.34
85 26 45.1
85 79 17.05
85 86 7.8
86 79 16.9
86 85 16.88
87 84 6.03
87 108 36.93
88 68 56.38
88 89 12.28
88 96 10.78
89 88 37.36
89 94 32.03
89 95 13.99
89 96 24.16
90 91 7.71
90 93 35.5
91 90 23.44
91 92 33.18
92 2 30.94
92 91 10.91
92 93 28.37
92 95 48.36
92 106 45.08
93 90 11.67
93 92 9.33
94 89 69.29
94 121 16.35
95 89 30.27
95 92 104.63
95 127 35.06
96 72 81.32
96 88 23.32
96 89 7.94
96 97 42.53
96 121 25.71
97 74 18.67
97 96 92.01
98 76 93.15
98 77 50.49
98 99 19.53
99 66 34.59
99 67 63.08
99 68 18.39
99 98 59.38
99 101 34.14
99 105 54.42
100 77 64.92
100 101 27.61
100 103 68.11
101 99 15.78
101 100 59.73
102 105 9.16
102 103 83.37
103 78 49.46
103 100 22.4
103 102 27.41
104 105 28.18
104 107 10.8
105 99 117.74
105 102 27.86
105 104 9.27
106 92 20.84
106 107 31.07
107 104 32.84
107 106 10.21
108 48 36.08
108 87 12.14
109 43 33.49
109 44 13.82
109 142 16.8
110 117 26.17
110 111 19.33
111 110 58.79
111 113 23.75
111 112 34.05
111 114 86.15
112 111 11.2
113 111 7.81
113 118 10.18
114 111 39.82
114 145 21.45
114 130 12.27
114 115 22.16
114 116 34.09
115 114 10.24
115 116 31.05
116 114 11.21
116 115 14.35
116 117 16.1
117 110 8.6
117 116 34.84
118 33 27.84
118 34 17.54
118 113 4.7
119 38 63.72
119 55 59.17
119 71 237.32
120 20 44.82
120 121 133.39
120 123 16.43
121 74 84.62
121 94 49.73
121 96 78.19
121 120 43.86
121 126 24.24
122 129 24.6
123 120 49.97
123 124 7.36
124 47 20.43
124 123 22.38
125 46 6.68
125 47 8.57
126 121 73.73
126 128 16.66
127 2 53.13
127 95 106.62
127 129 32.09
127 128 28.04
128 2 113.75
128 126 50.67
128 127 60.68
128 129 12.71
129 47 36.0
129 122 53.24
129 127 97.6
129 128 38.64
130 33 29.81
130 47 324.61
130 114 37.31
130 131 27.22
130 145 9.59
130 144 46.31
131 33 36.46
131 130 82.77
131 135 29.5
132 33 17.93
132 133 9.6
133 53 27.57
133 132 20.76
134 53 24.29
134 137 35.18
135 131 63.83
135 136 50.91
136 135 110.15
136 137 9.21
137 52 15.38
137 134 76.11
137 136 28.02
138 139 40.44
138 140 42.81
139 138 13.3
139 141 16.34
140 44 54.1
140 138 19.79
141 139 7.55
141 142 24.99
141 143 63.09
142 84 38.12
142 109 36.35
142 141 8.22
142 143 38.38
143 41 73.86
143 141 20.74
143 142 12.62
144 130 21.41
145 114 65.23
145 130 29.17
